qgis/Bruessel,Melanie2015-03-15/shapefiles/interpolation.asc
NCOLS 300
NROWS 300
XLLCORNER -8.6475
YLLCORNER 49.8896
DX 0.0347
DY 0.03652
NODATA_VALUE -9999
[rows 190 to 227 of 300, columns 172 to 257 of 300]
1 1 1 1 1 1 1 1 1 1 1 1 1 1 1 1 1 1 1 1 1 1 1 1 1 1 1 1 1 1 1 1 1 1 1 1 1 1 1 1 1 1 1 1 1 1 1 1 0.74145162 0.9400308 0.81333076 1 1 1 0.92295684 0.83895398 0.75495112 0.67094827 0.58694541 0.59745726 0.58024715 0.48895585 0.45057935 0.44137682 0.40996885 0.37856088 0.34715291 0.31574494 0.29508452 0.36878079 0 0 0 0 0 0 0 0 0.076805936 0.205762 0.33471806 0.46367413 0.57756502 0.56324337 0.6344234 0.70560343
1 1 1 1 1 1 1 1 1 1 1 1 1 1 1 1 1 1 1 1 1 1 1 1 1 1 1 1 1 1 1 1 1 1 1 1 1 1 1 1 1 1 1 1 1 1 1 1 1 1 1 1 0.9792781 0.89527525 0.81127239 0.72726953 0.64326668 0.55926382 0.47526097 0.46611636 0.46670446 0.43013979 0.34020896 0.29344569 0.37944716 0.26151328 0.23010531 0.19869734 0.20646072 0.0048783707 0 0 0 0 0 0 0 0 0.017111951 0.14606802 0.27502408 0.40398014 0.53293621 0.66189227 0.64831119 0.69760227
1 1 1 1 1 1 1 1 1 1 1 1 1 1 1 1 1 1 1 1 1 1 1 1 1 1 1 1 1 1 1 1 1 1 1 1 1 1 1 1 1 1 1 1 1 1 1 1 1 1 1 0.95159651 0.86759366 0.7835908 0.69958795 0.61558509 0.53158223 0.44757938 0.36357652 0.31407242 0.35185824 0.33683741 0.28003243 0.19146207 0.1390332 0.1143551 0.11305771 0.081649743 0.12482571 0 0 0 0 0 0 0 0 0 0 0.08637403 0.21533009 0.34428616 0.47324222 0.60219829 0.73115435 0.76271973
1 1 1 1 1 1 1 1 1 1 1 1 1 1 1 1 1 1 1 1 1 1 1 1 1 1 1 1 1 1 1 1 1 1 1 1 1 1 1 1 1 1 1 1 1 1 1 1 1 1 0.97978938 0.86419268 0.75350649 0.64780513 0.5879035 0.50390064 0.41989779 0.33589493 0.25189208 0.17366133 0.23025227 0.22116254 0.21093261 0.12992507 0.042715184 0 0 0.10142459 0.046087321 0 0 0 0 0 0 0 0 0 0 0.026680045 0.15563611 0.28459217 0.41354824 0.5425043 0.67146037 0.80041643
1 1 1 1 1 1 1 1 1 1 1 1 1 1 1 1 1 1 1 1 1 1 1 1 1 1 1 1 1 1 1 1 1 1 1 1 1 1 1 1 1 1 1 1 1 1 1 1 1 1 0.99197853 0.87101389 0.75004925 0.62908461 0.50811997 0.38715534 0.26882367 0.18954869 0.14020763 0.056204775 0.08401473 0.10625922 0.089258517 0.079835366 0 0 0 0 0 0 0 0 0 0 0 0 0 0 0 0 0.095942125 0.22489819 0.35385425 0.48281032 0.61176638 0.74072245
1 1 1 1 1 1 1 1 1 1 1 1 1 1 1 1 1 1 1 1 1 1 1 1 1 1 1 1 1 1 1 1 1 1 1 1 1 1 1 1 1 1 1 1 1 1 1 1 1 1 0.86606772 0.73115089 0.59623406 0.46131723 0.3264004 0.19259774 0.11277811 0 0 0 0 0 0 0 0.1353648 0 0 0 0 0 0 0 0 0 0 0 0 0 0 0 0.03624814 0.1652042 0.29416027 0.42311633 0.5520724 0.68102846
1 1 1 1 1 1 1 1 1 1 1 1 1 1 1 1 1 1 1 1 1 1 1 1 1 1 1 1 1 1 1 1 1 1 1 1 1 1 1 1 1 1 1 1 1 1 1 0.99014739 0.85523056 0.72043726 0.61261979 0.64569292 0.36940079 0.45915307 0.25783154 0.0557047 0.075712472 0.14145077 0.17978974 0.25012885 0.32046796 0.15712805 0.34989899 0.27450526 0.59560595 0.67797654 0.68588981 0 0 0 0 0 0 0 0 0 0 0 0 0 0 0.10551022 0.23446628 0.36342235 0.49237841 0.62133448
1 1 1 1 1 1 1 1 1 1 1 1 1 1 1 1 1 1 1 1 1 1 1 1 1 1 1 1 1 1 1 1 1 1 1 1 1 1 1 1 1 1 1 1 0.9869092 0.90216472 1 1 1 1 1 1 0.94401649 0.26319024 0.091607349 0.20970432 0.32780129 0.43404932 0.53015482 0.65141735 0.72175646 0.79209557 0.64696813 0.64034378 0.96753202 0.98873336 1.2205883 1.4481799 0.073718725 0 0 0 0 0.098804623 0 0 0 0 0 0 0 0.058346088 0.1747723 0.30372836 0.43268443 0.56164049
1 1 1 1 1 1 1 1 1 1 1 1 1 1 1 0.72490202 0.9593238 1 1 1 1 1 1 1 1 1 1 1 1 1 1 1 1 1 1 1 1 1 1 1 1 1 1 1 1 1 1 1 1 1 1 1 1.0677791 1.1628433 0.7703032 0.429052 0.5511354 0.67117822 0.7892752 0.89690262 0.99006186 1.1933841 1.1944005 1.002386 1.3394581 1.2901213 1.5356084 1.7632 1.9907916 2 1.6848977 1.2157757 1.1203239 0.41344645 0 0 0 0 0 0 0 0.18554061 0.22201347 0.24403438 0.37299044 0.50194651
1 1 1 1 1 1 1 1 1 1 1 1 1 1 1 1 1 1 1 1 0.41689135 0.65131312 1 1 1 1 1 1 1 1 1 1 1 1 1 1 1 1 1 1 1 1 1 1 1 1 1 1 1 1 1 1 1.0991372 1.3929759 1.5409126 1.5141422 1.5005558 1.4976354 1.0094283 1.1315117 1.2507491 1.3597559 1.6650117 1.4410233 1.7113842 1.689279 1.8401369 2 2 2 2 1.8746066 1.8943766 1.6154746 1.3365726 1.0576706 0.42872474 0 0 1.0874523 0.93215569 0.75576119 0.33162895 0.38640449 0.37933473 0.44225252
1 1 1 1 1 1 1 1 1 1 1 1 1 1 1 1 1 1 1 1 1 1 1 1 0.95576983 1 1 1 1 1 1 1 1 1 1 1 1 1 1 1 1 1 1 1 1 1 1 1 1 1 1 1 1.1921234 1.2498998 1.689043 1.8933437 1.8922116 1.8654412 1.8422473 1.8393269 1.8364065 1.8334862 1.711888 1.9071922 2 2 2 2 2 2 2 2 2 2 2 2 2 2 1.7951623 1.7075831 1.4375152 1.3105652 0.79773369 0.50129827 0.55138099 0.55048874
1 1 1 1 1 1 1 1 1 1 1 1 1 1 1 0.95414113 1 1 1 1 1 1 1 1 1 1 1 1 1 1 1 1 1 1 1 1 1 1 1 1 1 1 1 1 1 1 1 1 1 1 1 1 1.295872 1.34959 1.4824844 1.9851101 2 2 2 2 2 2 2 2 2 2 2 2 2 2 2 2 2 2 2 2 2 2 2 2 2 1.8653692 1.2939463 0.71299803 0.67096758 0.71635748
1 1 1 1 1 1 1 1 1 1 1 1 1 1 1 1 0.82128922 1 1 1 1 0.64019573 1 1 1 1 1 1 1 1 1 1 1 1 1 1 1 1 1 1 1 1 1 1 1 1 1 1 1 1.0477565 1.0578993 1.1261342 1.4109965 1.782276 1.7406184 2 2 2 2 2 2 2 2 2 2 2 2 2 2 2 2 2 2 2 2 2 2 2 2 2 2 2 1.8506722 1.2478906 0.88266735 0.84063689
1 1 1 1 1 1 1 1 1 1 1 1 1 1 1 1 1 0.68843732 1 1 0.61202071 0.59118158 1 1 1 1 1 1 1 1 1 1 1 1 1 1 1 1 1 1 1 1 1 1 1 1 1 1 1.0177345 1.0934136 1.2244111 1.2446344 1.4235655 1.833839 1.6916008 1.5416582 2 2 2 2 2 2 2 2 2 2 2 2 2 2 2 2 2 2 2 2 2 2 2 2 2 2 2.0553561 1.8265157 1.0943671 1.0523367
1 1 1 1 1 1 1 1 1 1 1 1 1 1 1 1 1 1 0.55558541 0.99369112 0.29438966 0.59202052 1 1 1 1 1 1 1 1 1 1 1 1 1 1 1 1 1 1 1 1 1 1 1 1 1.0167466 1.0759407 1.1351349 1.1936842 1.2666641 1.4010656 1.4313694 1.7209967 1.5713988 2 2 2 2 2 2 2 2 2 2 2 2 2 2 2 2 2 2 2 2 2 2 2 2 2 2 2 2 2.0550215 1.7278842 1.2640364
1 1 1 1 1 1 1 1 1 1 1 1 1 1 1 1 1 1 0.31246488 0.0060968785 0.28185236 0.89071665 1 1 1 1 1 1 1 1 1 1 1 1 1 1 1 1 1 1 1 1 1 1 1.006332 1.0577982 1.1370401 1.1962343 1.2554284 1.3146226 1.3738168 1.4399146 1.5777202 1.6181045 1.6116999 2 1.6961336 2 2 2 2 2 2 2 2 2 2 2 2 2 2 2 2 2 2 2 2 2 2 2 2 2 2 2.1314615 2 1.4757362
1 1 1 1 1 1 1 1 1 1 1 1 1 1 1 1 1 1 0.23925963 0.041781074 0.21584665 1 1 1 1 1 1 1 1 1 1 1 1 1 1 1 1 1 1 1 1 1.1436283 1.1176857 1.0733712 1.0705632 1.1375537 1.2045442 1.2924442 1.3640307 1.4349161 1.4941103 1.5533045 1.6131651 1.7445158 1.9068648 2 2 2 2 2 2 2 2 2 2 2 2 2 2 2 2 2 2 2 2 2 2 2 2 2 2 2 2 2.1942837 2 2
0.91720677 1 1 1 1 1 1 1 1 1 1 1 1 1 1 1 1 0.47242237 0.31317252 0.051392312 0.11008328 1 1 1 1 1 1 1 1 1 0.97529968 0.90583664 1 1 1 1 1 1 1 1 1 1 1 1 1.0747236 1.161307 1.3169629 1.4561799 1.6299192 1.5539499 1.5853295 1.6651674 1.7327922 1.7919863 1.9066799 1.7008396 2 1.8885579 2 2 2 2 2 2 2 2 2 2 2 2 2 2 2 2 2 2 2 2 2 2 2 2 2 2.2676181 2 2
1 0.85535986 1 1 1 1 1 1 1 1 1 1 1 1 1 1 0.91114451 0.58456397 0.26144265 0.20283154 0.14803491 1 1 1 1 1 1 1 1 1 0.92272579 0.81968984 0.81350406 1 1 1 1 1 1 1 1 1 1 1.0014713 1.0769397 1.167347 1.2539305 1.340514 1.4270974 1.5136809 1.6002643 1.6868478 1.7734312 1.8600147 1.9465981 2 2 2 2 2 2 2 2 2 2 2 2 2 2 2 2 2 2 2 2 2 2 2 2 2 2 2 2 2.3419981 2 2
0.56850718 0.63997961 0.52858506 1 1 1 1 1 1 1 1 1 1 1 1 1 0.85595542 0.5660149 0.85766692 1 1 1 1 1 1 1 1 1 1 0.97318784 0.87015189 0.76711595 0.71495178 0.75485342 1 1 1 1 1 1 1 1 1 1.0262331 1.1017015 1.1771699 1.2548276 1.346554 1.4331374 1.5197209 1.6063043 1.6928878 1.7794712 1.8660547 1.9526381 2 2 2 2 2 2 2 2 2 2 2 2 2 2 2 2 2 2 2 2 2 2 2 2 2 2 2 2 2.2727229 2 2
0.36867038 1 0.97350168 0.51099559 1 1 1 1 1 1 1 1 1 1 1 0.90100164 1 1 1 1 1 1 1 1 1 1 1 1 1 0.92061395 0.817578 0.71454205 0.61150611 0.64777337 0.95968975 1 1 1 1 1 1 1 1 1.0397503 1.1264632 1.2019317 1.2774001 1.3528685 1.4391774 1.5257609 1.6123443 1.6989278 1.7855112 1.8720947 1.9586781 2 1.9319305 2 2 2 2 2 2 2 2 2 2 2 2 2 2 2 2 2 2 2 2 2 2 2 2 2 2 2.0197344 2.1676003 2
0 1 1 0.52772466 0.53859249 1 1 1 1 1 1 1 1 1 1 1 1 1 1 1 1 1 1 1 1 1 1 1 0.971076 0.86804005 0.76500411 0.66196816 0.55893221 0.5214861 0.58016506 1 1 1 1 1 1 1 1 1.0027829 1.1053284 1.2078738 1.3021618 1.3776303 1.4530987 1.5363639 1.6183843 1.7049678 1.7915512 1.8781347 1.9647181 2 2 2 2 2 2 2 2 2 2 2 2 2 2 2 2 2 2 2 2 2 2 2 2 2 2 2 2 2 2.4161853 2
0 0 0.55142643 0.50864818 0.85097217 0.5661894 1 1 1 1 1 1 1 1 1 1 1 1 1 1 1 1 1 1 1 1 1 1 0.91850211 0.81546616 0.71243021 0.60939426 0.50635832 0.40332237 0.45731841 0.49981228 1 1 1 1 1 1 1 1 1.0683611 1.1709065 1.2734519 1.3759973 1.4778604 1.5533289 1.6287973 1.7110078 1.7975912 1.8841747 1.9707581 2 2 2 2 2 2 2 2 2 2 2 2 2 2 2 2 2 2 2 2 2 2 2 2 2 2 2 2 2 2.5607602 2
0 0 0 1 1 0.1890585 0.5937863 1 1 1 1 1 1 1 1 1 1 1 1 1 1 1 1 1 1 1 1 0.96896416 0.86592821 0.76289226 0.65985632 0.55682037 0.45378442 0.35074848 0.32802042 0.3897101 0.66086398 1 1 1 1 1 1 1 1.0313938 1.1339392 1.2364846 1.33903 1.4415754 1.5441209 1.6466663 1.7290275 1.8083627 1.8902147 1.9767981 2 2 2 2 2 2 2 2 2 2 2 2 2 2 2 2 2 2 2 2 2 2 2 2 2 2 2 2 2 2.62864 2.1271724
0 0 0 0.016295759 1 0.28084564 0.087962538 0.6213832 1 1 1 1 1 1 1 1 1 1 1 1 1 1 1 1 1 1 1 0.90849206 0.81335432 0.71031837 0.60728242 0.50424648 0.40121053 0.29817458 0.20952499 0.26686345 0.32210178 0.8657003 1 1 1 1 1 1 1 1.0969719 1.1995173 1.3020627 1.4046081 1.5071536 1.609699 1.7122444 1.8147898 1.9047261 1.9828381 2 2 2 2 2 2 2 2 2 2 2 2 2 2 2 2 2 2 2 2 2 2 2 2 2 2 2 2 2 2.6407492 2.2685796
0 0 0 0 0.68101452 0.37731675 0.53016992 0.21928913 1 1 1 1 1 1 1 1 1 1 1 1 1 1 1 1 1 1 1 0.98890581 0.80847649 0.62873631 0.48210797 0.45167258 0.34863664 0.24560069 0.14256474 0.13458397 0.19925514 0.2477587 1 1 1 1 1 1 1 1.0600046 1.16255 1.2650954 1.3676408 1.4701863 1.571441 1.6719287 1.7761652 1.7246759 1.6014911 2 2 2 2 2 2 2 2 2 2 2 2 2 2 2 2 2 2 2 2 2 2 2 2 2 2 2 2 2.0663669 2.3877607 2.4099868
0 0 0 0 0 0.88183721 1 0.97894187 1 1 1 1 1 1 1 1 1 1 1 1 1 1 1 1 1 1 1 1 0.94591619 0.76548688 0.58505756 0.40462825 0.22419893 0.34039682 0.044049485 0.017427192 0.076408486 0.13164682 0.3620382 1 1 1 1 1 1 1.0091319 1.119498 1.2298641 1.1940005 1.043931 1 1 1.3161356 1 1.5700481 2 2 2 2 2 2 2 2 2 2 2 2 2 2 2 2 2 2 2 2 2 2 2 2 2 2 2 2 2.1565825 2.4329672 2.551394
0 0 0 0 0 0.0099079277 1 0.38579959 1 1 1 1 1 1 1 1 1 1 1 1 1 1 1 1 1 1 1 1 1 0.90292657 0.72249726 0.54206794 0.36163863 0 0 0 0.041742889 0.0088001742 0.064038511 0.56687453 1 1 1 1 1 1 1.355426 1 1 1 1 1 1 1.2406319 1.6472107 2 2 2 2 2 2 2 2 2 2 2 2 2 2 2 2 2 2 2 2 2 2 2 2 2 2 2 2 2.2467981 2.5231827 2.6928012
0 0 0 0 0 0 0.16146309 0.96473806 1 1 1 1 1 1 1 1 1 1 1 1 1 1 1 1 1 1 1 1 1 1 0.85993696 0.49869321 0.17674989 0 0 0 0 0 0 0 0.77171085 1.018198 1.0876519 1.066995 1.0463382 1.0256814 1.0050246 1 1 1 1 1.0194053 1.252438 1.4909209 1.7294039 1.9678868 2 2 2 2 2 2 2 2 2 2 2 2 2 2 2 2 2 2 2 2 2 2 2 2 2 2.1078518 2.1558754 2.3370136 2.6133983 2.8342085
0 0 0 0 0 0 0 1 1 1 1 1 1 1 1 1 1 1 1 1 1 1 1 1 1 1 1 1 1 1 1 0.89157478 0.70578491 0.51999503 0.52153966 0.38689441 0.19830639 0.0070028232 0.23996066 0.15680854 0.24230612 0.32831547 0.41432482 0.50033416 0.59347563 0.69143166 0.78938768 0.88734371 0.98529974 1 1.0621368 1.1476519 1.2460225 1.3188641 1.5205353 1.7590183 1.9975012 2 2 2 2 2 2 2 2 2 2 2 2 2 2 2 2 2 2 2 2 2 2 2 2 2.1132334 2.2279111 2.0092574 2.4470045 2.9876957
0 0 0 0 0 0 0 0 1 1 1 1 1 1 1 1 1 1 1 1 1 1 1 1 1 1 1 1 1 1 1 0.85669253 0.70326269 0.42943495 0.20817373 0 0 0.072502028 0.22305882 0.37361562 0.52417241 0.6747292 0.97548999 0.92387431 0.99952557 0.96233659 0.92469455 0.88705252 0.85573483 0.83805873 0.80210715 0.80455916 1.3566629 1.4489368 1.5211526 1.6183229 1.7886327 2 2 2 2 2 2 2 2 2 2 2 2 2 2 2 2 2 2 2 2 2 2 2 2 2.0654668 2.4865325 2.3080301 3 2.9338304
0 0 0 0 0 0 0 0 1 0.60906331 1 1 1 1 1 1 1 1 1 1 1 1 1 1 1 1 1 1 1 0.86088535 0.63060585 0.40934463 0.1880834 0 0 0.014065669 0.18106517 0.34806467 0.51506416 0.68206366 0.85342745 1 0.92852664 0.90541763 0.86194578 0.77045835 0.69383389 0.66459776 0.60145648 0.54488644 0.50430008 0.46665805 0.43723323 0.39626908 0.32599477 0.43410044 1.2137199 1.8971379 2 2 2 2 2 2 2 2 2 2 2 2 2 2 2 2 2 2 2 2 2 2 2 2.0177003 2.7220946 3 3 3
0 0.012036093 0 0 0 0 0 0 0.26444161 1 1 1 1 1 1 1 1 1 1 1 1 1 1 1 1 1 1 1 1 0.84315459 0.71802792 0.56749334 0.23014966 0 0.041551665 0.14363383 0.31063333 0.47763283 0.60953125 0.87241205 0.73550934 0.77551436 0.67239137 0.53944666 0.61761088 0.75454572 0.6834205 0.59197699 0.50353545 0.4119525 0.31755502 0.22697435 0.14194979 0.075992514 0.010035236 0.035269525 0.011447506 0.18156398 0.49287977 1.8999417 2 2 2 2 2 2 2 2 2 2 2 2 2 2 2 2 2 2 2 2 2 2.3159242 2.889974 3 3 3
0.10928296 0.040257662 0.084829673 0 0 0 0 0 0 1 1 1 1 1 1 1 1 1 1 1 1 1 1 1 1 1 1 1 1 1 1 1 0.51097943 0.14435625 0.10620249 0.27320199 0.64148137 0.54360678 0.54046531 0.58966326 0.62250208 0.55687658 0.39916276 0.24144894 0.22763513 0.32980413 0.63628143 0.56889182 0.5015022 0.41226132 0.32200819 0.2320186 0.14548712 0.055439334 0.10688141 0.35008771 0.58438083 0.81296017 0.95676389 0.98216307 1.3037758 2 2 2 2 2 2 2 2 2 2 2 2 2 2 2 2 2 2 2.160251 2.4605862 2.8154291 3 3 3 3
0.2061569 0.11345105 0.015275122 0.041590431 0.18487446 0 0 0 0.04256935 1 1 1 1 1 1 1 1 1 1 1 1 1 1 1 1 1 1 1 1 1 1 0.73897642 0.24716084 0.088821827 0.88477776 0.26890785 0.3487489 0.39669808 0.43612904 0.46948981 0.44136179 0.28364797 0.12593415 0 0 0.25981298 0.041997383 0.51801715 0.45062753 0.38323792 0.3158483 0.23477257 0.142029 0.052039402 0.093840775 0.3163612 0.53888163 0.76140205 0.98392248 1.2413241 1.5158364 1.752288 2 2 2 2 2 2 2 1.974782 2 2 2 2 2 2 2.0015608 2.0133613 2.0268217 2.2076609 2.4854884 2.7658031 3 3 3 3
0.28482037 0.18664444 0.088468512 0 0 0.41148055 0.084573605 0.016929726 0.16424889 0.4773048 1 1 1 1 1 1 1 1 1 1 1 1 1 1 1 1 1 1 1 1 0.92577157 0.45220986 0.55597248 0.074507608 0.15703249 0.19734151 0.25110768 0.28259481 0.31647753 0.32584699 0.16813318 0.010419357 0 0 0 0 0.029459384 0 0.36019492 0.33236325 0.26497363 0.19758401 0.1301944 0.057283819 0.086002569 0.30739991 0.52879725 0.74676181 0.95935372 1.1719456 1.3758108 0 0.36314704 1.5292307 0.85434431 1.3324945 1.4671759 1.4208351 1.3744943 1.4657477 1.4994605 1.3558734 1.003068 0.99778791 0.8705166 2.1948485 2.2075427 2.2202368 2.232931 2.2607629 2.241998 2.6076301 2.8932943 3 3 3
0.35801376 0.25983783 0.1616619 0.063485972 0 0 0.3682413 0.43414388 0.29345214 0.44403799 1 1 1 1 1 1 1 1 1 1 1 1 1 1 1 1 1 1 1 1 0.90966805 0.59526754 0.30255704 0.009846531 0.057886809 0.097573455 0.12906058 0.16346525 0.2103322 0.052618384 0 0 0 0 0 0 0 0 0 0.072388171 0.21409896 0.14670935 0.079319731 0.011930114 0.015748849 0.22697771 0.42752107 0.62806442 0 0 0.84269984 0 0 0 0.25621487 1.4722639 0.8205473 0.77420648 1.0354676 0.96220593 0.92630797 0.39714873 0.097176821 0 0 0 0.35938554 0.60885138 2.4389128 2.451607 2.4643012 2.5081646 2.4722846 3 3 3
0.43120715 0.33303122 0.23485529 0.13667936 0.038503432 0 0 0.32500206 0.73813142 0.56997456 1 1 1 1 1 1 1 1 1 1 1 1 1 1 1 1 1 1 1 1 0.93698391 0.78970336 0.64242282 0.49514227 0.34759654 0.17581132 0.010452978 0.08845956 0 0 0 0 0 0 0 0 0 0 0 0 0 0.095834681 0.028445064 0 0 0 0 0.26272405 0 0 0 0 0 0 0 0.44031815 1.5511418 0.3543736 0.7970382 0.45866414 0 0 0 0 0 0 0.23663505 0.60246839 0.96830173 1.3341351 1.6337779 2.6829772 2.7416191 2.7555662 2.7568742 3
