qgis/Bruessel,Melanie2015-03-15/shapefiles/interpolation.asc
NCOLS 300
NROWS 300
XLLCORNER -8.6475
YLLCORNER 49.8896
DX 0.0347
DY 0.03652
NODATA_VALUE -9999
[rows 114 to 151 of 300, columns 172 to 257 of 300]
1 1 1 1 1 1 0.89340699 0.73935926 0.57354355 0.40772784 0.24191212 0.076096411 0 0 0.55436306 0.37020832 0.1198484 0.10617953 0.34297764 0.52556658 0.52160079 0.50905542 0.082754628 0 0 0 0 0 0.0097826973 0.046959872 0.084137047 0.12131422 0.1584914 0.19566857 0.23284575 0.27002292 0.23059405 0.10558533 0 0 0 0 0 0 0 0 0 0 0 0 0 0 0 0 0 0 0 0 0 0 0 0 0 0 0 0 0 0.03245115 0.10363118 0.17481121 0.24599124 0.31717128 0.38835131 0.45953134 0.53071137 0.6018914 0.67307143 0.74425147 0.8154315 0.88661153 0.95779156 1.0289716 1.1001516 1.1713317 1.2425117 1.3136917
1 1 1 1 1 1 0.88067271 0.714857 0.54904129 0.38322558 0.21740986 0.051594151 0 0 0.51951422 0.2691543 0.018794385 0.20252277 0.43932088 0.54801532 0.54317586 0.52896747 0 0 0 0 0 0 0.0061997682 0.043376943 0.080554118 0.11773129 0.15490847 0.19208564 0.22926282 0.26643999 0.28738155 0.17122193 0.046213207 0 0 0 0 0 0 0 0 0 0 0 0 0 0 0 0 0 0 0 0 0 0 0 0 0 0 0 0 0.024449988 0.09563002 0.16681005 0.23799008 0.30917011 0.38035015 0.45153018 0.52271021 0.59389024 0.66507027 0.7362503 0.80743033 0.87861037 0.9497904 1.0209704 1.0921505 1.1633305 1.2345105 1.3056906
1 1 1 1 1 0.97100385 0.85617045 0.69035474 0.52453903 0.35872332 0.1929076 0.027091892 0 0 0.41846021 0.16810029 0.06206791 0.29886602 0.53566413 0.57049106 0.56315539 0.46660143 0 0 0 0 0 0 0.0026168391 0.039794014 0.076971189 0.11414836 0.15132554 0.18850271 0.22567989 0.26285706 0.29754055 0.23685853 0.11184981 0 0 0 0 0 0 0 0 0 0 0 0 0 0 0 0 0 0 0 0 0 0 0 0 0 0 0 0 0.016448827 0.087628858 0.15880889 0.22998892 0.30116895 0.37234898 0.44352902 0.51470905 0.58588908 0.65706911 0.72824914 0.79942917 0.8706092 0.94178924 1.0129693 1.0841493 1.1553293 1.2265094 1.2976894
1 1 1 0.97991427 0.88587406 0.89924496 0.83166819 0.66585248 0.50003677 0.33422106 0.16840534 0.0025896322 0 0.24114292 0.31740619 0.067046272 0.15841115 0.39520926 0.59697052 0.5929668 0.58313491 0.38034353 0 0 0 0 0 0 0 0.036211085 0.07338826 0.11056543 0.14774261 0.18491978 0.22209696 0.25927413 0.29645131 0.30249513 0.17748641 0.052477692 0 0 0 0 0 0 0 0 0 0 0 0 0 0 0 0 0 0 0 0 0 0 0 0 0 0 0 0.0084476649 0.079627696 0.15080773 0.22198776 0.29316779 0.36434782 0.43552785 0.50670789 0.57788792 0.64906795 0.72024798 0.79142801 0.86260804 0.93378807 1.0049681 1.0761481 1.1473282 1.2185082 1.2896882
1 0.97570477 0.83102562 0.81081671 0.71751323 0.82107854 0.80716593 0.64135022 0.47553451 0.3097188 0.14390309 0 0 0.46671209 0.21635217 0.01795629 0.2547544 0.49155251 0.61938133 0.61544254 0.60311443 0.29408564 0 0 0 0 0 0 0 0.032628156 0.069805331 0.10698251 0.14415968 0.18133686 0.21851403 0.25569121 0.29286838 0.3246139 0.24312302 0.1181143 0 0 0 0 0 0 0 0 0 0 0 0 0 0 0 0 0 0 0 0 0 0 0 0 0 0 0 0.0004465032 0.071626535 0.14280657 0.2139866 0.28516663 0.35634666 0.42752669 0.49870672 0.56988676 0.64106679 0.71224682 0.78342685 0.85460688 0.92578691 0.99696694 1.068147 1.139327 1.210507 1.2816871
0.82681612 0.68213696 0.64175437 0.67907416 0.6306109 0.74291211 0.78266368 0.61684796 0.45103225 0.28521654 0.11940083 0 0 0.36565808 0.11529816 0.11429954 0.35109764 0.58789575 0.64185707 0.63723487 0.62309395 0.20782774 0 0 0 0 0 0 0 0.029045227 0.066222402 0.10339958 0.14057675 0.17775393 0.2149311 0.25210828 0.28928545 0.32646263 0.30875962 0.1837509 0.058742177 0 0 0 0 0 0 0 0 0 0 0 0 0 0 0 0 0 0 0 0 0 0 0 0 0 0 0 0.063625373 0.1348054 0.20598544 0.27716547 0.3483455 0.41952553 0.49070556 0.56188559 0.63306563 0.70424566 0.77542569 0.84660572 0.91778575 0.98896578 1.0601458 1.1313258 1.2025059 1.2736859
0.53324831 0.48563444 0.51721221 0.53100183 0.55244447 0.66474568 0.7404305 0.5923457 0.42652999 0.26071428 0.094898566 0 0 0.26460406 0.014244142 0.21064278 0.44744089 0.66837446 0.66433281 0.65721439 0.64299807 0.12156985 0 0 0 0 0 0 0 0.025462298 0.062639472 0.099816647 0.13699382 0.174171 0.21134817 0.24852535 0.28570252 0.3228797 0.34873746 0.2493875 0.12437878 0 0 0 0 0 0 0 0 0 0 0 0 0 0 0 0 0 0 0 0 0 0 0 0 0 0 0 0.055624211 0.12680424 0.19798427 0.26916431 0.34034434 0.41152437 0.4827044 0.55388443 0.62506446 0.69624449 0.76742453 0.83860456 0.90978459 0.98096462 1.0521447 1.1233247 1.1945047 1.2656847
0.33381232 0.35173256 0.41046933 0.37415453 0.47427805 0.58657926 0.69598534 0.56784344 0.40202773 0.23621202 0.070396306 0 0.27644793 0.16355004 0.070187916 0.30698602 0.54378413 0.69075884 0.68680855 0.67719392 0.59167454 0.035311952 0 0 0 0 0 0 0 0.021879368 0.059056543 0.096233718 0.13341089 0.17058807 0.20776524 0.24494242 0.28211959 0.31929677 0.3563226 0.3150241 0.19001538 0.065006662 0 0 0 0 0 0 0 0 0 0 0 0 0 0 0 0 0 0 0 0 0 0 0 0 0 0 0.04762305 0.11880308 0.18998311 0.26116314 0.33234318 0.40352321 0.47470324 0.54588327 0.6170633 0.68824333 0.75942336 0.8306034 0.90178343 0.97296346 1.0441435 1.1153235 1.1865036 1.2576836
0.18589335 0.2236077 0.29262208 0.28381041 0.39611162 0.50841283 0.62071405 0.54334118 0.37752547 0.21170976 0.045894047 0 0.31285595 0.062496029 0.16653116 0.40332927 0.64012738 0.71322308 0.70928429 0.69717344 0.50541665 0 0 0 0 0 0 0 0 0.018296439 0.055473614 0.092650789 0.12982796 0.16700514 0.20418231 0.24135949 0.27853666 0.31571384 0.35289101 0.37114567 0.25565199 0.13064327 0.0056345447 0 0 0 0 0 0 0 0 0 0 0 0 0 0 0 0 0 0 0 0 0 0 0 0 0 0.039621888 0.11080192 0.18198195 0.25316198 0.32434201 0.39552205 0.46670208 0.53788211 0.60906214 0.68024217 0.7514222 0.82260223 0.89378227 0.9649623 1.0361423 1.1073224 1.1785024 1.2496824
0.05869789 0.12647062 0.15676937 0.20564398 0.3179452 0.43024641 0.54254762 0.51883892 0.35302321 0.1872075 0.021391787 0 0.21180193 0.026076296 0.26287441 0.49967251 0.73647062 0.73569882 0.73129388 0.71715296 0.41915875 0 0 0 0 0 0 0 0 0.01471351 0.051890685 0.08906786 0.12624503 0.16342221 0.20059938 0.23777656 0.27495373 0.31213091 0.34930808 0.38339595 0.32128859 0.19627987 0.071271148 0 0 0 0 0 0 0 0 0 0 0 0 0 0 0 0 0 0 0 0 0 0 0 0 0 0.031620726 0.10280076 0.17398079 0.24516082 0.31634085 0.38752088 0.45870092 0.52988095 0.60106098 0.67224101 0.74342104 0.81460107 0.8857811 0.95696114 1.0281412 1.0993212 1.1705012 1.2416813
0 0.0086233676 0.033199172 0.12747756 0.23977877 0.35207998 0.4643812 0.49433666 0.32852095 0.16270524 0 0 0.11074792 0.12241954 0.35921765 0.59601576 0.76216278 0.75817456 0.7512734 0.73713248 0.33290086 0 0 0 0 0 0 0 0 0.011130581 0.048307756 0.085484931 0.12266211 0.15983928 0.19701646 0.23419363 0.27137081 0.30854798 0.34572516 0.38290233 0.38692519 0.26191647 0.13690775 0.01189903 0 0 0 0 0 0 0 0 0 0 0 0 0 0 0 0 0 0 0 0 0 0 0 0 0.023619565 0.094799596 0.16597963 0.23715966 0.30833969 0.37951972 0.45069975 0.52187979 0.59305982 0.66423985 0.73541988 0.80659991 0.87777994 0.94895997 1.02014 1.09132 1.1625001 1.2336801
0 0 0 0.049311133 0.16161235 0.27391356 0.38621477 0.46541199 0.30401869 0.13820298 0 0.26005382 0.0096938993 0.21876279 0.45556089 0.692359 0.78458909 0.7806503 0.77125292 0.75702866 0.24664296 0 0 0 0 0 0 0 0 0.0075476519 0.044724827 0.081902002 0.11907918 0.15625635 0.19343353 0.2306107 0.26778788 0.30496505 0.34214223 0.3793194 0.41009336 0.32755307 0.20254435 0.077535633 0 0 0 0 0 0 0 0 0 0 0 0 0 0 0 0 0 0 0 0 0 0 0 0 0.015618403 0.086798434 0.15797847 0.2291585 0.30033853 0.37151856 0.44269859 0.51387862 0.58505865 0.65623869 0.72741872 0.79859875 0.86977878 0.94095881 1.0121388 1.0833189 1.1544989 1.2256789
0 0 0 0 0.08344592 0.19574713 0.30804835 0.42034956 0.27951643 0.11370072 0 0.1589998 0.078307921 0.31510603 0.55190414 0.78870225 0.80706483 0.80312603 0.79123245 0.71674766 0.16038507 0 0 0 0 0 0 0 0 0.0039647228 0.041141898 0.078319073 0.11549625 0.15267342 0.1898506 0.22702777 0.26420495 0.30138212 0.3385593 0.37573647 0.41291365 0.39318968 0.26818096 0.14317224 0.018163515 0 0 0 0 0 0 0 0 0 0 0 0 0 0 0 0 0 0 0 0 0 0 0 0.0076172411 0.078797273 0.1499773 0.22115734 0.29233737 0.3635174 0.43469743 0.50587746 0.57705749 0.64823752 0.71941756 0.79059759 0.86177762 0.93295765 1.0041377 1.0753177 1.1464977 1.2176778
0 0 0 0 0.0052794952 0.11758071 0.22988192 0.34218313 0.25501417 0.089198461 0 0.057945786 0.17465117 0.41144928 0.64824738 0.83356672 0.82954057 0.82535289 0.81121197 0.63048976 0.074127171 0 0 0 0 0 0 0 0 0.00038179371 0.037558969 0.074736143 0.11191332 0.14909049 0.18626767 0.22344484 0.26062202 0.29779919 0.33497637 0.37215354 0.40933072 0.43250158 0.33381756 0.20880884 0.083800118 0 0 0 0 0 0 0 0 0 0 0 0 0 0 0 0 0 0 0 0 0 0 0 0 0.070796111 0.14197614 0.21315617 0.28433621 0.35551624 0.42669627 0.4978763 0.56905633 0.64023636 0.71141639 0.78259643 0.85377646 0.92495649 0.99613652 1.0673166 1.1384966 1.2096766
0 0 0 0 0 0.039414283 0.1517155 0.26401671 0.23051191 0.064696202 0 0.034196302 0.27099441 0.50779252 0.74459063 0.8559551 0.8520163 0.84533241 0.83119149 0.54423186 0 0 0 0 0 0 0 0 0 0 0.033976039 0.071153214 0.10833039 0.14550756 0.18268474 0.21986191 0.25703909 0.29421626 0.33139344 0.36857061 0.40574779 0.44217801 0.39945416 0.27444544 0.14943672 0.024428 0 0 0 0 0 0 0 0 0 0 0 0 0 0 0 0 0 0 0 0 0 0 0 0.062794949 0.13397498 0.20515501 0.27633504 0.34751508 0.41869511 0.48987514 0.56105517 0.6322352 0.70341523 0.77459526 0.8457753 0.91695533 0.98813536 1.0593154 1.1304954 1.2016755
0 0 0 0 0 0 0.07354907 0.18585028 0.20600965 0.040193942 0.10619767 0.13053955 0.36733766 0.60413577 0.84093387 0.87843083 0.87449204 0.86531193 0.85117101 0.45797397 0 0 0 0 0 0 0 0 0 0 0.03039311 0.067570285 0.10474746 0.14192464 0.17910181 0.21627898 0.25345616 0.29063333 0.32781051 0.36498768 0.40216486 0.43934203 0.45490979 0.34008204 0.21507332 0.090064603 0 0 0 0 0 0 0 0 0 0 0 0 0 0 0 0 0 0 0 0 0 0 0 0.054793788 0.12597382 0.19715385 0.26833388 0.33951391 0.41069395 0.48187398 0.55305401 0.62423404 0.69541407 0.7665941 0.83777413 0.90895417 0.9801342 1.0513142 1.1224943 1.1936743
0 0 0 0 0 0 0 0.10768386 0.18150739 0.015691682 0.0051436563 0.22688279 0.4636809 0.70047901 0.90497065 0.90090657 0.89696778 0.88529145 0.87105925 0.37171607 0 0 0 0 0 0 0 0 0 0 0.026810181 0.063987356 0.10116453 0.13834171 0.17551888 0.21269606 0.24987323 0.28705041 0.32422758 0.36140476 0.39858193 0.43575911 0.46925136 0.40571865 0.28070993 0.15570121 0.030692485 0 0 0 0 0 0 0 0 0 0 0 0 0 0 0 0 0 0 0 0 0 0 0.046792626 0.11797266 0.18915269 0.26033272 0.33151275 0.40269278 0.47387281 0.54505285 0.61623288 0.68741291 0.75859294 0.82977297 0.900953 0.97213304 1.0433131 1.1144931 1.1856731
0 0.02572765 0 0 0 0 0 0.029517433 0.14181865 0 0.086427927 0.32322604 0.56002415 0.79682225 0.92735504 0.92338231 0.91941189 0.90527098 0.84182077 0.28545818 0 0 0 0 0 0 0 0 0 0 0.023227252 0.060404427 0.097581602 0.13475878 0.17193595 0.20911313 0.2462903 0.28346748 0.32064465 0.35782183 0.394999 0.43217618 0.46935335 0.47135525 0.34634653 0.22133781 0.096329088 0 0 0 0 0 0 0 0 0 0 0 0 0 0 0 0 0 0 0 0 0 0 0.038791464 0.1099715 0.18115153 0.25233156 0.32351159 0.39469162 0.46587165 0.53705168 0.60823172 0.67941175 0.75059178 0.82177181 0.89295184 0.96413187 1.0353119 1.1064919 1.177672
0.26977007 0.19917756 0.10052853 0.099550462 0.15746748 0 0 0 0.06365222 0.033837798 0.18277117 0.41956928 0.65636739 0.8931655 0.94979684 0.94585805 0.93939142 0.9252505 0.75556287 0.19920028 0 0 0 0 0 0 0 0 0 0 0.019644323 0.056821498 0.093998673 0.13117585 0.16835302 0.2055302 0.24270737 0.27988455 0.31706172 0.3542389 0.39141607 0.42859325 0.46577042 0.49385749 0.41198313 0.28697441 0.16196569 0.03695697 0 0 0 0 0 0 0 0 0 0 0 0 0 0 0 0 0 0 0 0 0 0.030790302 0.10197033 0.17315037 0.2443304 0.31551043 0.38669046 0.45787049 0.52905052 0.60023055 0.67141059 0.74259062 0.81377065 0.88495068 0.95613071 1.0273107 1.0984908 1.1696708
0.46510339 0.4574271 0.41400014 0.31535111 0.40757738 0.51003072 0.17328852 0.48963307 0 0.042316308 0.27911442 0.51591253 0.75271064 0.97637459 0.97227258 0.96833379 0.95937094 0.94523002 0.66930498 0.11294239 0 0 0 0 0 0 0 0 0 0 0.016061394 0.053238569 0.090415744 0.12759292 0.16477009 0.20194727 0.23912444 0.27630162 0.31347879 0.35065597 0.38783314 0.42501032 0.46218749 0.49936467 0.47761973 0.35261101 0.22760229 0.10259357 0 0 0 0 0 0 0 0 0 0 0 0 0 0 0 0 0 0 0 0 0 0.022789141 0.093969172 0.1651492 0.23632924 0.30750927 0.3786893 0.44986933 0.52104936 0.59222939 0.66340942 0.73458946 0.80576949 0.87694952 0.94812955 1.0193096 1.0904896 1.1616696
0.61994195 0.6360619 0.63474206 0.62882273 0.55448873 0.67355505 0.77856825 0.88102159 0.98347493 1 0.94763273 0.73456571 0.94345388 0.99875898 0.99474832 0.99080953 0.97935046 0.96520954 0.58304708 0.026684495 0 0 0 0 0 0 0 0 0 0 0.012478465 0.04965564 0.086832815 0.12400999 0.16118716 0.19836434 0.23554151 0.27271869 0.30989586 0.34707304 0.38425021 0.42142739 0.45860456 0.49578174 0.5162657 0.41824762 0.2932389 0.16823018 0.043221455 0 0 0 0 0 0 0 0 0 0 0 0 0 0 0 0 0 0 0 0 0.014787979 0.085968011 0.15714804 0.22832807 0.29950811 0.37068814 0.44186817 0.5130482 0.58422823 0.65540826 0.72658829 0.79776833 0.86894836 0.94012839 1.0113084 1.0824885 1.1536685
0.76974121 0.78807473 0.80640826 0.81809906 0.81566412 0.81750841 0.93657473 1 0.85695773 1 1 1 1 1 1 1 0.99932998 0.98508984 0.49678919 0 0 0 0 0 0 0 0 0 0 0 0.0088955357 0.046072711 0.083249885 0.12042706 0.15760424 0.19478141 0.23195859 0.26913576 0.30631293 0.34349011 0.38066728 0.41784446 0.45502163 0.49219881 0.52803342 0.48388422 0.3588755 0.23386678 0.10885806 0 0 0 0 0 0 0 0 0 0 0 0 0 0 0 0 0 0 0 0 0.0067868174 0.077966849 0.14914688 0.22032691 0.29150694 0.36268697 0.43386701 0.50504704 0.57622707 0.6474071 0.71858713 0.78976716 0.8609472 0.93212723 1.0033073 1.0744873 1.1456673
0.92669396 0.93787399 0.95620752 0.97454104 0.98963939 0.98014998 1 1 1 1 1 1 1 1 1 1 1 1 0.41053129 0 0 0 0 0 0 0 0 0 0 0 0.0053126066 0.042489781 0.079666956 0.11684413 0.15402131 0.19119848 0.22837566 0.26555283 0.30273001 0.33990718 0.37708436 0.41426153 0.45143871 0.48861588 0.52579305 0.53867391 0.4245121 0.29950338 0.17449466 0.04948594 0 0 0 0 0 0 0 0 0 0 0 0 0 0 0 0 0 0 0 0 0.069965687 0.14114572 0.21232575 0.28350578 0.35468581 0.42586584 0.49704588 0.56822591 0.63940594 0.71058597 0.781766 0.85294603 0.92412607 0.9953061 1.0664861 1.1376662
1 1 1 1 1 1 1 1 1 1 1 1 1 1 1 1 1 1 0.3242734 0 0 0 0 0 0 0 0 0 0 0 0.0017296775 0.038906852 0.076084027 0.1132612 0.15043838 0.18761555 0.22479273 0.2619699 0.29914708 0.33632425 0.37350143 0.4106786 0.44785578 0.48503295 0.52221013 0.55510677 0.4901487 0.36513998 0.24013126 0.11512254 0 0 0 0 0 0 0 0 0 0 0 0 0 0 0 0 0 0 0 0 0.061964525 0.13314456 0.20432459 0.27550462 0.34668465 0.41786468 0.48904471 0.56022475 0.63140478 0.70258481 0.77376484 0.84494487 0.9161249 0.98730494 1.058485 1.129665
1 1 1 1 1 1 1 1 1 1 1 1 1 1 1 1 1 1 0.98097999 0 0 0 0 0 0 0 0 0 0 0 0 0.035323923 0.072501098 0.10967827 0.14685545 0.18403262 0.2212098 0.25838697 0.29556415 0.33274132 0.3699185 0.40709567 0.44427285 0.48145002 0.5186272 0.55580437 0.55578531 0.43077659 0.30576787 0.18075915 0.055750425 0 0 0 0 0 0 0 0 0 0 0 0 0 0 0 0 0 0 0 0.053963364 0.1251434 0.19632343 0.26750346 0.33868349 0.40986352 0.48104355 0.55222358 0.62340362 0.69458365 0.76576368 0.83694371 0.90812374 0.97930377 1.0504838 1.1216638
1 1 1 1 1 1 1 1 1 1 1 1 1 1 1 1 1 1 0.69423056 0.075805693 0 0 0 0 0 0 0 0 0 0 0 0.031740994 0.068918169 0.10609534 0.14327252 0.18044969 0.21762687 0.25480404 0.29198122 0.32915839 0.36633557 0.40351274 0.44068992 0.47786709 0.51504427 0.55222144 0.57762161 0.49641319 0.37140447 0.24639575 0.12138703 0 0 0 0 0 0 0 0 0 0 0 0 0 0 0 0 0 0 0 0.045962202 0.11714223 0.18832227 0.2595023 0.33068233 0.40186236 0.47304239 0.54422242 0.61540245 0.68658249 0.75776252 0.82894255 0.90012258 0.97130261 1.0424826 1.1136627
1 1 1 1 1 1 1 1 1 1 1 1 1 1 1 1 1 1 0.40748112 0.098177061 0 0 0 0 0 0 0 0 0 0 0 0.028158065 0.06533524 0.10251241 0.13968959 0.17686676 0.21404394 0.25122111 0.28839829 0.32557546 0.36275264 0.39992981 0.43710699 0.47428416 0.51146134 0.54863851 0.58581569 0.56204979 0.43704107 0.31203235 0.18702363 0.06201491 0 0 0 0 0 0 0 0 0 0 0 0 0 0 0 0 0 0 0.03796104 0.10914107 0.1803211 0.25150113 0.32268117 0.3938612 0.46504123 0.53622126 0.60740129 0.67858132 0.74976136 0.82094139 0.89212142 0.96330145 1.0344815 1.1056615
1 1 1 1 1 1 1 1 1 1 1 1 1 1 1 1 1 0.73915655 0.25498003 0.14776955 0.040559064 0 0 0 0 0 0 0 0 0 0 0.024575136 0.061752311 0.098929486 0.13610666 0.17328384 0.21046101 0.24763819 0.28481536 0.32199253 0.35916971 0.39634688 0.43352406 0.47070123 0.50787841 0.54505558 0.58223276 0.60002982 0.50267767 0.37766895 0.25266023 0.12765151 0.0026427924 0 0 0 0 0 0 0 0 0 0 0 0 0 0 0 0 0 0.029959879 0.10113991 0.17231994 0.24349997 0.31468 0.38586004 0.45704007 0.5282201 0.59940013 0.67058016 0.74176019 0.81294023 0.88412026 0.95530029 1.0264803 1.0976604
1 1 1 1 1 1 1 1 1 1 1 1 1 1 1 1 1 0.45240712 0.30457252 0.19736204 0.090151552 0 0 0 0 0 0 0 0 0 0 0.020992207 0.058169382 0.095346557 0.13252373 0.16970091 0.20687808 0.24405526 0.28123243 0.31840961 0.35558678 0.39276396 0.42994113 0.46711831 0.50429548 0.54147266 0.57864983 0.61388882 0.56831428 0.44330556 0.31829684 0.19328812 0.068279395 0 0 0 0 0 0 0 0 0 0 0 0 0 0 0 0 0 0.021958717 0.093138749 0.16431878 0.23549881 0.30667884 0.37785887 0.44903891 0.52021894 0.59139897 0.662579 0.73375903 0.80493906 0.8761191 0.94729913 1.0184792 1.0896592
1 1 1 1 1 1 1 1 1 1 1 1 1 1 1 1 0.78408254 0.46137549 0.35416501 0.24695452 0.13974404 0.032533555 0 0 0 0 0 0 0 0 0 0.017409278 0.054586453 0.091763627 0.1289408 0.16611798 0.20329515 0.24047233 0.2776495 0.31482668 0.35200385 0.38918103 0.4263582 0.46353538 0.50071255 0.53788973 0.5750669 0.61224408 0.62243803 0.50894216 0.38393344 0.25892472 0.133916 0.0089072775 0 0 0 0 0 0 0 0 0 0 0 0 0 0 0 0 0.013957555 0.085137587 0.15631762 0.22749765 0.29867768 0.36985771 0.44103774 0.51221778 0.58339781 0.65457784 0.72575787 0.7969379 0.86811793 0.93929796 1.010478 1.081658
1 1 1 1 1 1 1 1 1 1 1 1 1 1 1 1 0.61817846 0.51096798 0.4037575 0.29654701 0.18933653 0.082126043 0 0 0 0 0 0 0 0 0 0.013826349 0.051003523 0.088180698 0.12535787 0.16253505 0.19971222 0.2368894 0.27406657 0.31124375 0.34842092 0.3855981 0.42277527 0.45995245 0.49712962 0.5343068 0.57148397 0.60866115 0.63897751 0.57457876 0.44957004 0.32456132 0.1995526 0.07454388 0 0 0 0 0 0 0 0 0 0 0 0 0 0 0 0 0.0059563936 0.077136425 0.14831646 0.21949649 0.29067652 0.36185655 0.43303658 0.50421661 0.57539665 0.64657668 0.71775671 0.78893674 0.86011677 0.9312968 1.0024768 1.0736569
1 1 1 1 1 1 1 1 1 1 1 1 1 1 1 0.82900854 0.66777095 0.56056047 0.45334998 0.3461395 0.23892902 0.13171853 0.024508046 0 0 0 0 0 0 0 0 0.010243419 0.047420594 0.084597769 0.12177494 0.15895212 0.19612929 0.23330647 0.27048364 0.30766082 0.34483799 0.38201517 0.41919234 0.45636952 0.49354669 0.53072387 0.56790104 0.60507822 0.64225539 0.64021537 0.51520665 0.39019792 0.2651892 0.14018048 0.015171763 0 0 0 0 0 0 0 0 0 0 0 0 0 0 0 0 0.069135263 0.14031529 0.21149533 0.28267536 0.35385539 0.42503542 0.49621545 0.56739548 0.63857552 0.70975555 0.78093558 0.85211561 0.92329564 0.99447567 1.0656557
1 1 1 1 1 1 1 1 1 1 1 1 1 1 1 0.82457392 0.71736344 0.61015296 0.50294247 0.39573199 0.2885215 0.18131102 0.074100534 0 0 0 0 0 0 0 0 0.0066604903 0.043837665 0.08101484 0.11819201 0.15536919 0.19254636 0.22972354 0.26690071 0.30407789 0.34125506 0.37843224 0.41560941 0.45278659 0.48996376 0.52714094 0.56431811 0.60149529 0.63867246 0.66138573 0.58084325 0.45583453 0.33082581 0.20581709 0.080808365 0 0 0 0 0 0 0 0 0 0 0 0 0 0 0 0 0.061134102 0.13231413 0.20349416 0.2746742 0.34585423 0.41703426 0.48821429 0.55939432 0.63057435 0.70175439 0.77293442 0.84411445 0.91529448 0.98647451 1.0576545
1 1 1 1 1 1 1 1 1 1 1 1 1 1 0.9813769 0.87416641 0.76695593 0.65974544 0.55253496 0.44532447 0.33811399 0.23090351 0.12369302 0.016482537 0 0 0 0 0 0 0 0 0.040254736 0.077431911 0.11460909 0.15178626 0.18896344 0.22614061 0.26331779 0.30049496 0.33767214 0.37484931 0.41202648 0.44920366 0.48638083 0.52355801 0.56073518 0.59791236 0.63508953 0.67226671 0.64647985 0.52147113 0.39646241 0.27145369 0.14644497 0.021436248 0 0 0 0 0 0 0 0 0 0 0 0 0 0 0 0.05313294 0.12431297 0.195493 0.26667303 0.33785307 0.4090331 0.48021313 0.55139316 0.62257319 0.69375322 0.76493326 0.83611329 0.90729332 0.97847335 1.0496534
1 1 1 1 1 1 1 1 1 1 1 1 1 0.98888979 0.94971948 0.91030254 0.81654842 0.70933793 0.60212745 0.49491696 0.38770648 0.28049599 0.17328551 0.066075025 0 0 0 0 0 0 0 0 0 0.073848982 0.11102616 0.14820333 0.18538051 0.22255768 0.25973486 0.29691203 0.33408921 0.37126638 0.40844356 0.44562073 0.48279791 0.51997508 0.55715226 0.59432943 0.63150661 0.66868378 0.68379394 0.58710773 0.46209901 0.33709029 0.21208157 0.08707285 0 0 0 0 0 0 0 0 0 0 0 0 0 0 0 0.045131778 0.11631181 0.18749184 0.25867187 0.3298519 0.40103194 0.47221197 0.543392 0.61457203 0.68575206 0.75693209 0.82811212 0.89929216 0.97047219 1.0416522
1 1 1 1 1 1 1 1 1 1 1 0.98033892 0.9537719 0.92720489 0.90063788 0.86881257 0.82939562 0.75893042 0.65171993 0.54450945 0.43729897 0.33008848 0.222878 0.11566751 0.0084570286 0 0 0 0 0 0 0 0 0 0.10744323 0.1446204 0.18179758 0.21897475 0.25615193 0.2933291 0.33050628 0.36768345 0.40486063 0.4420378 0.47921498 0.51639215 0.55356933 0.5907465 0.62792368 0.66510085 0.69974423 0.65274434 0.52773562 0.40272689 0.27771817 0.15270945 0.027700733 0 0 0 0 0 0 0 0 0 0 0 0 0 0 0.037130617 0.10831065 0.17949068 0.25067071 0.32185074 0.39303077 0.46421081 0.53539084 0.60657087 0.6777509 0.74893093 0.82011096 0.89129099 0.96247103 1.0336511
1 1 1 1 1 1 1 1 1 0.97530008 0.94545566 0.91865402 0.892087 0.86551999 0.83895298 0.81238597 0.78581896 0.74848871 0.70131242 0.59410194 0.48689145 0.37968097 0.27247049 0.16526 0.058049516 0 0 0 0 0 0 0 0 0 0 0.14103747 0.17821465 0.21539182 0.252569 0.28974617 0.32692335 0.36410052 0.4012777 0.43845487 0.47563205 0.51280922 0.5499864 0.58716357 0.62434075 0.66151792 0.6986951 0.70620215 0.59337222 0.4683635 0.34335478 0.21834606 0.093337335 0 0 0 0 0 0 0 0 0 0 0 0 0 0 0.029129455 0.10030949 0.17148952 0.24266955 0.31384958 0.38502961 0.45620964 0.52738968 0.59856971 0.66974974 0.74092977 0.8121098 0.88328983 0.95446986 1.0256499
1 1 1 1 1 1 1 1 0.97702939 0.92498925 0.89433523 0.86171922 0.8318748 0.80383509 0.77726808 0.75070107 0.72413406 0.69756704 0.6675818 0.62816486 0.53648394 0.42927346 0.32206297 0.21485249 0.107642 0.00043151975 0 0 0 0 0 0 0 0 0 0 0.17822295 0.21180889 0.24898607 0.28616324 0.32334042 0.36051759 0.39769477 0.43487194 0.47204912 0.50922629 0.54640347 0.58358064 0.62075782 0.65793499 0.69511217 0.72274163 0.65900882 0.5340001 0.40899138 0.28398266 0.15897394 0.033965218 0 0 0 0 0 0 0 0 0 0 0 0 0 0.021128293 0.092308325 0.16348836 0.23466839 0.30584842 0.37702845 0.44820848 0.51938851 0.59056855 0.66174858 0.73292861 0.80410864 0.87528867 0.9464687 1.0176487
