qgis/Bruessel,Melanie2015-03-15/shapefiles/interpolation.asc
NCOLS 300
NROWS 300
XLLCORNER -8.6475
YLLCORNER 49.8896
DX 0.0347
DY 0.03652
NODATA_VALUE -9999
[rows 152 to 189 of 300, columns 172 to 257 of 300]
1 1 1 1 1 1 1 1 0.95290958 0.89241016 0.84495015 0.81725521 0.78567242 0.74834443 0.71829394 0.68901617 0.66244916 0.63588214 0.60931513 0.58274812 0.54725795 0.47886594 0.37165546 0.26444498 0.15723449 0.050024007 0 0 0 0 0 0 0 0 0 0 0 0.21575308 0.24540314 0.28258031 0.31975749 0.35693466 0.39411184 0.43128901 0.46846619 0.50564336 0.54282054 0.57999771 0.61717489 0.65435206 0.69152924 0.72870641 0.72464542 0.5996367 0.47462798 0.34961926 0.22461054 0.099601821 0 0 0 0 0 0 0 0 0 0 0 0 0 0.013127132 0.084307163 0.15548719 0.22666723 0.29784726 0.36902729 0.44020732 0.51138735 0.58256738 0.65374742 0.72492745 0.79610748 0.86728751 0.93846754 1.0096476
1 1 1 1 1 1 1 0.98928921 0.92878978 0.86829035 0.80779092 0.76491104 0.73721611 0.70988639 0.67716351 0.64089386 0.60471309 0.57486867 0.54763023 0.52106322 0.49449621 0.46635104 0.42124795 0.31403746 0.20682698 0.099616495 0 0 0 0 0 0 0 0 0 0 0 0 0.25323577 0.27899739 0.31617456 0.35335174 0.39052891 0.42770609 0.46488326 0.50206043 0.53923761 0.57641478 0.61359196 0.65076913 0.68794631 0.72512348 0.74514985 0.66527331 0.54026459 0.41525586 0.29024714 0.16523842 0.040229703 0 0 0 0 0 0 0 0 0 0 0 0 0.0051259699 0.076306001 0.14748603 0.21866606 0.2898461 0.36102613 0.43220616 0.50338619 0.57456622 0.64574625 0.71692628 0.78810632 0.85928635 0.93046638 1.0016464
1 1 1 1 1 1 1 0.96516941 0.90466998 0.84417055 0.78367112 0.72317169 0.68487194 0.65717701 0.62948208 0.6052136 0.56865459 0.53201013 0.49391392 0.46128781 0.43281131 0.4062443 0.37967729 0.34602718 0.25641947 0.14920898 0.041998499 0 0 0 0 0 0 0 0 0 0 0 0 0.29071846 0.31259163 0.34976881 0.38694598 0.42412316 0.46130033 0.49847751 0.53565468 0.57283186 0.61000903 0.64718621 0.68436338 0.72154056 0.75852629 0.73090991 0.60590119 0.48089247 0.35588375 0.23087503 0.10586631 0 0 0 0 0 0 0 0 0 0 0 0 0 0.06830484 0.13948487 0.2106649 0.28184493 0.35302497 0.424205 0.49538503 0.56656506 0.63774509 0.70892512 0.78010515 0.85128519 0.92246522 0.99364525
1 1 1 1 1 1 1 0.9410496 0.88055017 0.82005075 0.75955132 0.69905189 0.63855246 0.60483284 0.57713791 0.54944298 0.52174805 0.49446695 0.46014567 0.4231264 0.3874525 0.34815499 0.31799239 0.29142537 0.26485836 0.19880147 0.091590986 0 0 0 0 0 0 0 0 0 0 0 0 0.34827142 0.32820115 0.34618588 0.38336305 0.42054023 0.4577174 0.49489458 0.53207175 0.56924893 0.6064261 0.64360328 0.68078045 0.71795763 0.7551348 0.76755806 0.67153779 0.54652907 0.42152035 0.29651163 0.17150291 0.046494188 0 0 0 0 0 0 0 0 0 0 0 0 0.060303678 0.13148371 0.20266374 0.27384377 0.3450238 0.41620384 0.48738387 0.5585639 0.62974393 0.70092396 0.77210399 0.84328402 0.91446406 0.98564409
1 1 1 1 1 1 0.97742923 0.9169298 0.85643037 0.79593094 0.73543151 0.67493209 0.61443266 0.55393323 0.52479374 0.49709881 0.46940388 0.44170894 0.41236221 0.38321371 0.35163676 0.31424267 0.27856877 0.24056385 0.20428168 0.17660645 0.14118347 0.03397299 0 0 0 0 0 0 0 0 0 0 0 0 0.38580443 0.36568383 0.37978012 0.4169573 0.45413447 0.49131165 0.52848882 0.565666 0.60284317 0.64002035 0.67719752 0.7143747 0.75155187 0.78409754 0.73717439 0.61216567 0.48715695 0.36214823 0.23713951 0.11213079 0 0 0 0 0 0 0 0 0 0 0 0 0.052302516 0.12348255 0.19466258 0.26584261 0.33702264 0.40820267 0.47938271 0.55056274 0.62174277 0.6929228 0.76410283 0.83528286 0.90646289 0.97764293
1 1 1 1 1 1 0.95330942 0.89281 0.83231057 0.77181114 0.71131171 0.65081228 0.59031285 0.52981343 0.47244957 0.44475464 0.41705971 0.38936477 0.36166984 0.33397491 0.30768942 0.27346246 0.24312784 0.20544202 0.16968504 0.13401114 0.092291806 0.061787526 0 0 0 0 0 0 0 0 0 0 0 0 0 0.42333745 0.40316652 0.41337437 0.45055154 0.48772872 0.52490589 0.56208307 0.59926024 0.63643742 0.67361459 0.71079177 0.74796894 0.78514612 0.78996627 0.67780228 0.55279356 0.42778483 0.30277611 0.17776739 0.052758673 0 0 0 0 0 0 0 0 0 0 0 0.044301355 0.11548139 0.18666142 0.25784145 0.32902148 0.40020151 0.47138154 0.54256158 0.61374161 0.68492164 0.75610167 0.8272817 0.89846173 0.96964176
1 1 1 1 1 1 0.93722091 0.86869019 0.80819076 0.74769134 0.68719191 0.62669248 0.56619305 0.50569362 0.44519419 0.39241047 0.36471554 0.33702061 0.30932567 0.28163074 0.25393581 0.22624088 0.20301663 0.16557871 0.13461892 0.096933106 0.06080131 0.025127407 0 0 0 0 0 0 0 0 0 0 0 0 0 0 0.46087046 0.44064921 0.44696861 0.48414579 0.52132296 0.55850014 0.59567731 0.63285449 0.67003166 0.70720884 0.74438601 0.78156319 0.80650576 0.74343888 0.61843016 0.49342144 0.36841272 0.243404 0.11839528 0 0 0 0 0 0 0 0 0 0 0 0.036300193 0.10748022 0.17866026 0.24984029 0.32102032 0.39220035 0.46338038 0.53456041 0.60574044 0.67692048 0.74810051 0.81928054 0.89046057 0.9616406
1 1 1 1 1 0.993382 0.93341091 0.87044941 0.79731527 0.72418114 0.6630721 0.60257268 0.54207325 0.48157382 0.42107439 0.36057496 0.31237137 0.28467644 0.2569815 0.22928657 0.20159164 0.17389671 0.14620177 0.11664813 0.098343846 0.057694971 0.026110007 0 0 0 0 0 0 0 0 0 0 0 0 0 0 0 0 0.49840347 0.4781319 0.48056286 0.51774004 0.55491721 0.59209438 0.62927156 0.66644873 0.70362591 0.74080308 0.77798026 0.81515743 0.80907548 0.68406676 0.55905804 0.43404932 0.3090406 0.18403188 0.059023158 0 0 0 0 0 0 0 0 0 0 0.028299031 0.099479063 0.17065909 0.24183913 0.31301916 0.38419919 0.45537922 0.52655925 0.59773928 0.66891931 0.74009935 0.81127938 0.88245941 0.95363944
1 1 1 1 1 0.96091869 0.9009476 0.84097651 0.78100542 0.72103432 0.65740963 0.5842755 0.51795344 0.45745402 0.39695459 0.33645516 0.27595573 0.23233227 0.20463733 0.1769424 0.14924747 0.12155254 0.093857606 0.066162673 0.038467741 0.010165233 0 0 0 0 0 0 0 0 0 0 0 0 0 0 0 0 0 0 0.53593649 0.51561458 0.51415711 0.55133428 0.58851146 0.62568863 0.66286581 0.70004298 0.73722016 0.77439733 0.81157451 0.82891397 0.74970336 0.62469464 0.49968592 0.3746772 0.24966848 0.12465976 0 0 0 0 0 0 0 0 0 0 0.02029787 0.091477901 0.16265793 0.23383796 0.305018 0.37619803 0.44737806 0.51855809 0.58973812 0.66091815 0.73209818 0.80327822 0.87445825 0.94563828
1 1 1 1 0.98842648 0.92845539 0.8684843 0.8085132 0.74854211 0.68857102 0.62859993 0.56862883 0.50865774 0.44436986 0.37283478 0.31233536 0.25183593 0.1913365 0.15229316 0.12459823 0.096903301 0.069208368 0.041513436 0.013818504 0 0 0 0 0 0 0 0 0 0 0 0 0 0 0 0 0 0 0 0 0 0.5734695 0.55309727 0.54775135 0.58492853 0.6221057 0.65928288 0.69646005 0.73363723 0.7708144 0.80799158 0.84438169 0.81533997 0.69033125 0.56532253 0.4403138 0.31530508 0.19029636 0.065287643 0 0 0 0 0 0 0 0 0 0.012296708 0.083476739 0.15465677 0.2258368 0.29701683 0.36819687 0.4393769 0.51055693 0.58173696 0.65291699 0.72409702 0.79527705 0.86645709 0.93763712
1 1 1 0.99012493 0.92526529 0.87606129 0.82593316 0.77580503 0.71607881 0.65610772 0.59613662 0.53616553 0.47619444 0.41622334 0.35625225 0.29628116 0.23133008 0.1672167 0.10671727 0.072254063 0.044559131 0.016864199 0 0 0 0 0 0 0 0 0 0 0 0 0 0 0 0 0 0 0 0 0 0 0 0 0.61100252 0.59057996 0.5813456 0.61852277 0.65569995 0.69287712 0.7300543 0.76723147 0.80440865 0.84158582 0.85132218 0.75596785 0.63095913 0.50595041 0.38094169 0.25593297 0.13092425 0.0059155252 0 0 0 0 0 0 0 0 0.0042955461 0.075475578 0.14665561 0.21783564 0.28901567 0.3601957 0.43137574 0.50255577 0.5737358 0.64491583 0.71609586 0.78727589 0.85845592 0.92963596
1 1 1 0.93091487 0.85115878 0.77694496 0.71584296 0.65474096 0.58162188 0.50735575 0.46329209 0.46684651 0.47040094 0.46059694 0.37752936 0.29446178 0.2113942 0.14387567 0.083904572 0.022098037 0 0 0 0 0 0 0 0 0 0 0 0 0 0 0 0 0 0 0 0 0 0 0 0 0 0 0 0.64853553 0.62806265 0.61493984 0.65211702 0.68929419 0.72647137 0.76364854 0.80082572 0.83800289 0.86786166 0.82160445 0.69659573 0.57158701 0.44657829 0.32156957 0.19656085 0.071552128 0 0 0 0 0 0 0 0 0 0.067474416 0.13865445 0.20983448 0.28101451 0.35219454 0.42337457 0.4945546 0.56573464 0.63691467 0.7080947 0.77927473 0.85045476 0.92163479
1 0.96953266 1 1 1 1 1 1 0.98067402 0.84696803 0.71326203 0.57955603 0.44585003 0.31214403 0.17843803 0.044732033 0.0013188878 0.0048733121 0.0084277364 0.011982161 0.015536585 0.019091009 0 0 0 0 0 0 0 0 0 0 0 0 0 0 0 0 0 0 0 0 0 0 0 0 0 0 0.68606854 0.66554533 0.64853409 0.68571126 0.72288844 0.76006561 0.79724279 0.83441996 0.87159714 0.87373039 0.76223233 0.63722361 0.51221489 0.38720617 0.26219745 0.13718873 0.01218001 0 0 0 0 0 0 0 0 0.059473254 0.13065329 0.20183332 0.27301335 0.34419338 0.41537341 0.48655344 0.55773347 0.62891351 0.70009354 0.77127357 0.8424536 0.91363363
1 1 1 1 1 1 1 1 1 1 0.49953077 0.22485611 0 0 0 0 0 0.010595227 0.029587011 0.048578795 0.067570579 0.086562363 0.10555415 0 0 0 0 0 0 0 0 0 0 0 0 0 0 0 0 0 0 0 0 0 0 0 0 0 0 0.72360156 0.70302802 0.68212833 0.71930551 0.75648268 0.79365986 0.83083703 0.86801421 0.89026988 0.82786894 0.70286022 0.5778515 0.45284277 0.32783405 0.20282533 0.077816613 0 0 0 0 0 0 0 0 0.051472093 0.12265212 0.19383216 0.26501219 0.33619222 0.40737225 0.47855228 0.54973231 0.62091234 0.69209238 0.76327241 0.83445244 0.90563247
1 1 1 1 1 1 1 1 1 1 1 0.65745154 0.29400467 0.10046105 0.064165489 0.083157273 0.10214906 0.12114084 0.14013262 0.15912441 0.17811619 0.19710798 0.21609976 0.22777493 0 0 0 0 0 0 0 0 0 0 0 0 0 0 0 0 0 0 0 0 0 0 0 0 0 0 0.76113457 0.74051071 0.71897989 0.75289976 0.79007693 0.82725411 0.86443128 0.90160846 0.89350554 0.76849682 0.6434881 0.51847938 0.39347066 0.26846194 0.14345322 0.018444495 0 0 0 0 0 0 0 0.043470931 0.11465096 0.18583099 0.25701103 0.32819106 0.39937109 0.47055112 0.54173115 0.61291118 0.68409121 0.75527125 0.82645128 0.89763131
1 1 1 1 1 1 1 1 1 1 0.91533513 0.67766979 0.44518373 0.3528829 0.27018627 0.18748964 0.21269467 0.23168645 0.25067824 0.26967002 0.28866181 0.30765359 0.32664537 0.34563716 0.35284973 0 0 0 0 0 0 0 0 0 0 0 0 0 0 0 0 0 0 0 0 0 0 0 0 0 0.81788098 0.79866758 0.7779934 0.75662591 0.786494 0.82367118 0.86084835 0.89802553 0.91267809 0.83413342 0.7091247 0.58411598 0.45910726 0.33409854 0.20908982 0.084081098 0 0 0 0 0 0 0 0.035469769 0.1066498 0.17782983 0.24900986 0.3201899 0.39136993 0.46254996 0.53372999 0.60491002 0.67609005 0.74727008 0.81845012 0.88963015
1 1 1 1 1 1 1 1 1 1 1 0.82529448 0.68800137 0.60530474 0.52260812 0.43991149 0.35721486 0.32055845 0.36122385 0.38021564 0.39920742 0.4181992 0.43719099 0.45618277 0.47062683 0.36318306 0 0 0 0 0 0 0 0 0 0 0 0 0 0 0 0 0 0.018383441 0 0 0 0 0 0 0 0.85541399 0.8362006 0.81547608 0.79427194 0.82008825 0.85726542 0.8944426 0.92921757 0.89977002 0.7747613 0.64975258 0.52474386 0.39973514 0.27472642 0.1497177 0.02470898 0 0 0 0 0 0 0.027468607 0.098648639 0.16982867 0.2410087 0.31218873 0.38336876 0.4545488 0.52572883 0.59690886 0.66808889 0.73926892 0.81044895 0.88162899
1 1 1 1 1 1 1 1 1 1 1 1 0.94042322 0.85772659 0.77502996 0.69233333 0.6096367 0.52694008 0.45095919 0.47040174 0.50975303 0.52874482 0.5477366 0.56672839 0.58572017 0.58980847 0.29782125 0 0 0 0 0 0 0 0 0 0 0 0 0 0 0 0 0 0.047770534 0.16263338 0.27749623 0 0 0 0 0 0.89294701 0.87370699 0.85295877 0.83191796 0.85368249 0.89085967 0.92803684 0.9350863 0.84039791 0.71538919 0.59038047 0.46537175 0.34036302 0.2153543 0.090345583 0 0 0 0 0 0 0.019467446 0.090647477 0.16182751 0.23300754 0.30418757 0.3753676 0.44654763 0.51772767 0.5889077 0.66008773 0.73126776 0.80244779 0.87362782
1 1 1 1 1 1 1 1 1 1 1 1 1 1 1 0.94475518 0.86205855 0.77936192 0.69666529 0.61396866 0.5806711 0.62644563 0.65828222 0.677274 0.69626578 0.7125606 0.71504609 0.23245945 0 0 0 0 0 0 0 0 0 0 0 0 0 0 0 0 0 0.048572875 0.095939251 0.30688332 0.42174617 0.53660902 0 0 0 0.93048002 0.91118968 0.89044146 0.86956399 0.88727674 0.92445391 0.95162578 0.90603451 0.78102579 0.65601707 0.53100835 0.40599963 0.28099091 0.15598219 0.030973465 0 0 0 0 0 0.011466284 0.082646316 0.15382635 0.22500638 0.29618641 0.36736644 0.43854647 0.5097265 0.58090654 0.65208657 0.7232666 0.79444663 0.86562666
1 1 1 1 1 1 1 1 1 1 1 1 1 1 1 1 1 1 0.94908714 0.86639051 0.78369388 0.71542318 0.71961786 0.78248952 0.8068114 0.82580318 0.82000684 0.83513611 0.16709764 0 0 0 0 0 0 0 0 0 0 0 0 0 0.10687866 0.22443398 0.22896159 0.21991902 0.21087646 0.20183389 0.18544998 0.22339937 0 0.64437707 0.79572181 0 0.96801303 0.94867237 0.92792415 0.90717593 0.92087098 0.95804816 0.95749451 0.84666239 0.72165367 0.59664495 0.47163623 0.34662751 0.22161879 0.096610068 0 0 0 0 0 0.0034651224 0.074645154 0.14582519 0.21700522 0.28818525 0.35936528 0.43054531 0.50172534 0.57290537 0.64408541 0.71526544 0.78644547 0.8576255
1 1 1 1 1 1 1 1 1 1 1 1 1 1 1 1 1 1 1 1 1 0.9534191 0.87072247 0.84524135 0.86922494 0.9363488 0.95224134 0.95255111 0.91898012 0.68401915 0.67025276 0.51173081 0.57650402 0.47575327 0.26625956 0.056765845 0.13189347 0 0 0 0 0 0.165456 0.45882459 0.59999891 0.5553473 0.56764516 0.5586026 0.54956003 0.54164189 0.53355849 0.70415989 0.81520568 0.92808118 1 1 0.98615505 0.96540683 0.94465862 0.95446523 0.974034 0.91229899 0.78729027 0.66228155 0.53727283 0.41226411 0.28725539 0.16224667 0.03723795 0 0 0 0 0 0.066643992 0.13782402 0.20900406 0.28018409 0.35136412 0.42254415 0.49372418 0.56490421 0.63608424 0.70726428 0.77844431 0.84962434
1 1 1 1 1 1 1 1 1 1 1 1 1 1 1 1 1 1 1 1 1 1 1 1 0.97999343 0.97505953 1 1 1 1 1 1 0.93269027 0.86367309 0.79465592 0.72699029 0.39422205 0.65596562 0.42805087 0.14845208 0.23784786 0.61180082 0.79144239 0.88774555 0.82109308 0.93879839 0.91162612 0.88626061 0.92133052 0.89733986 0.88975535 0.86766634 0.89881035 1 1 1 1 1 1 0.9821413 0.98805948 0.9779356 0.85292688 0.72791816 0.60290944 0.47790072 0.35289199 0.22788327 0.10287455 0 0 0 0 0 0.05864283 0.12982286 0.20100289 0.27218292 0.34336296 0.41454299 0.48572302 0.55690305 0.62808308 0.69926311 0.77044315 0.84162318
1 1 1 1 1 1 1 1 1 1 1 1 1 1 1 1 1 1 1 1 1 1 1 1 1 1 1 1 1 1 1 1 1 1 1 1 1 1 1 0.87647772 1 1 1 1 1 1 1 1 1 1 1 1 1 1 1 1 1 1 1 1 1 0.99644221 0.91856348 0.79355476 0.66854604 0.54353732 0.4185286 0.29351988 0.16851116 0.043502436 0 0 0 0 0.050641669 0.1218217 0.19300173 0.26418176 0.33536179 0.40654183 0.47772186 0.54890189 0.62008192 0.69126195 0.76244198 0.83362202
1 1 1 1 1 1 1 1 1 1 1 1 1 1 1 1 1 1 1 1 1 1 1 1 1 1 1 1 1 1 1 1 1 1 1 1 1 1 1 1 1 1 1 1 1 1 1 1 1 1 1 1 1 1 1 1 1 1 1 1 1 1 1 0.85919136 0.73418264 0.60917392 0.4841652 0.35915648 0.23414776 0.10913904 0 0 0 0 0.042640507 0.11382054 0.18500057 0.2561806 0.32736063 0.39854066 0.4697207 0.54090073 0.61208076 0.68326079 0.75444082 0.82562085
1 1 1 1 1 1 1 1 1 1 1 1 1 1 1 1 1 1 1 1 1 1 1 1 1 1 1 1 1 1 1 1 1 1 1 1 1 1 1 1 1 1 1 1 1 1 1 1 1 1 1 1 1 1 1 1 1 1 1 1 1 1 1 1 0.79981924 0.67481052 0.5498018 0.42479308 0.29978436 0.17477564 0.049766921 0 0 0 0.034639345 0.10581938 0.17699941 0.24817944 0.31935947 0.3905395 0.46171953 0.53289957 0.6040796 0.67525963 0.74643966 0.81761969
1 1 1 1 1 1 1 1 1 1 1 1 1 1 1 1 1 1 1 1 1 1 1 1 1 1 1 1 1 1 1 1 1 1 1 1 1 1 1 1 1 1 1 1 1 1 1 1 1 1 1 1 1 1 1 1 1 1 1 1 1 1 1 1 1 0.73332477 0.61543841 0.49042969 0.36542096 0.24041224 0.11540352 0 0 0 0.026638184 0.097818215 0.16899825 0.24017828 0.31135831 0.38253834 0.45371837 0.5248984 0.59607844 0.66725847 0.7384385 0.80961853
1 1 1 1 1 1 1 1 1 1 1 1 1 1 1 1 1 1 1 1 1 1 1 1 1 1 1 1 1 1 1 1 1 1 1 1 1 1 1 1 1 1 1 1 1 1 1 1 1 1 1 1 1 1 1 1 1 1 1 1 1 1 1 1 1 1 0.59984459 0.55606629 0.43105757 0.30604885 0.18104013 0.056031406 0 0 0.018637022 0.089817053 0.16099709 0.23217712 0.30335715 0.37453718 0.44571721 0.51689724 0.58807727 0.65925731 0.73043734 0.80161737
1 1 1 1 1 1 1 1 1 1 1 1 1 1 1 1 1 1 1 1 1 1 1 1 1 1 1 1 1 1 1 1 1 1 1 1 1 1 1 1 1 1 1 1 1 1 1 1 1 1 1 1 1 1 1 1 1 1 1 1 1 1 1 1 1 1 1 0.57792609 0.49669417 0.37168545 0.24667673 0.12166801 0 0 0.01063586 0.081815892 0.15299592 0.22417595 0.29535599 0.36653602 0.43771605 0.50889608 0.58007611 0.65125614 0.72243618 0.79361621
1 1 1 1 1 1 1 1 1 1 1 1 1 1 1 1 1 1 1 1 1 1 1 1 1 1 1 1 1 1 1 1 1 1 1 1 1 1 1 1 1 1 1 1 1 1 1 1 1 1 1 1 1 1 1 1 1 1 1 1 1 1 1 1 1 1 1 1 0.82872864 0.3793566 0.31231333 0.18730461 0.062295891 0 0.0026346986 0.07381473 0.14499476 0.21617479 0.28735482 0.35853486 0.42971489 0.50089492 0.57207495 0.64325498 0.71443501 0.78561505
1 1 1 1 1 1 1 1 1 1 1 1 1 1 1 1 1 1 1 1 1 1 1 1 1 1 1 1 1 1 1 1 1 1 1 1 1 1 1 1 1 1 1 1 1 1 1 1 1 1 1 1 1 1 1 1 1 1 1 1 1 1 1 1 1 1 1 1 1 1 0.25207117 0.25294121 0.12793249 0.0029237729 0 0.065813568 0.1369936 0.20817363 0.27935366 0.35053369 0.42171373 0.49289376 0.56407379 0.63525382 0.70643385 0.77761388
1 1 1 1 1 1 1 1 1 1 1 1 1 1 1 1 1 1 1 1 1 1 1 1 1 1 1 1 1 1 1 1 1 1 1 1 1 1 1 1 1 1 1 1 1 1 1 1 1 1 1 1 1 1 1 1 1 1 1 1 1 1 1 1 1 1 1 1 1 1 1 0.10470042 0.15245533 0.068560376 0 0.057812407 0.12899244 0.20017247 0.2713525 0.34253253 0.41371256 0.4848926 0.55607263 0.62725266 0.69843269 0.76961272
1 1 1 1 1 1 1 1 1 1 1 1 1 1 1 1 1 1 1 1 1 1 1 1 1 1 1 1 1 1 1 1 1 1 1 1 1 1 1 1 1 1 1 1 1 1 1 1 1 1 1 1 1 1 1 1 1 1 1 1 1 1 1 1 1 1 1 1 1 1 1 0.85191566 0 0.02798243 0.009188258 0.049811245 0.12099128 0.19217131 0.26335134 0.33453137 0.4057114 0.47689143 0.54807147 0.6192515 0.69043153 0.76161156
1 1 1 1 1 1 1 1 1 1 1 1 1 1 1 1 1 1 1 1 1 1 1 1 1 1 1 1 1 1 1 1 1 1 1 1 1 1 1 1 1 1 1 1 1 1 1 1 1 1 1 1 1 1 1 1 1 1 1 1 1 1 1 1 1 1 1 1 0.98662255 0.95521458 0.92380661 0.3766986 0 0 0 0.041810083 0.11299011 0.18417015 0.25535018 0.32653021 0.39771024 0.46889027 0.5400703 0.61125034 0.68243037 0.7536104
1 1 1 1 1 1 1 1 1 1 1 1 1 1 1 1 1 1 1 1 1 1 1 1 1 1 1 1 1 1 1 1 1 1 1 1 1 1 1 1 1 1 1 1 1 1 1 1 1 1 1 1 1 1 1 1 1 1 1 1 1 1 1 1 0.99520684 0.96379887 0.93239089 0.90098292 0.86957495 0.83816698 0.8357012 0 0 0 0 0 0.11072597 0.17616898 0.24734902 0.31852905 0.38970908 0.46088911 0.53206914 0.60324917 0.67442921 0.74560924
1 1 1 1 1 1 1 1 1 1 1 1 1 1 1 1 1 1 1 1 1 1 1 1 1 1 1 1 1 1 1 1 1 1 1 1 1 1 1 1 1 1 1 1 1 1 1 1 1 1 1 1 1 1 1 1 1 1 1 1 1 0.97238315 0.94097518 0.90956721 0.87815924 0.84675127 0.8153433 0.78393533 0.75252736 0.72111938 0.73186045 0 0 0 0 0 0.057669747 0.18662581 0.23934785 0.31052789 0.38170792 0.45288795 0.52406798 0.59524801 0.66642804 0.73760807
1 1 1 1 1 1 1 1 1 1 1 1 1 1 1 1 1 1 1 1 1 1 1 1 1 1 1 1 1 1 1 1 1 1 1 1 1 1 1 1 1 1 1 1 1 1 1 1 1 1 1 1 1 1 1 1 0.8795763 1 0.94955947 0.9181515 0.88674352 0.85533555 0.82392758 0.79251961 0.76111164 0.72970367 0.6982957 0.66688773 0.63547976 0.60845741 0.39700216 0 0 0 0 0 0 0.12693183 0.25588789 0.30252672 0.37370676 0.44488679 0.51606682 0.58724685 0.65842688 0.72960691
1 1 1 1 1 1 1 1 1 1 1 1 1 1 1 1 1 1 1 1 1 1 1 1 1 1 1 1 1 1 1 1 1 1 1 1 1 1 1 1 1 1 1 1 1 1 1 1 1 1 0.75594735 0.43375138 0.27099733 0.51246755 0.78214731 1 0.97832001 0.89431716 0.84305627 0.79239127 0.76969593 0.73828796 0.70687999 0.67547201 0.64406404 0.61265607 0.5812481 0.54984013 0.51843216 0.5224772 0 0 0 0 0 0 0 0.067237841 0.19619391 0.32514997 0.39910483 0.43688563 0.50806566 0.57924569 0.65042572 0.72160575
1 1 1 1 1 1 1 1 1 1 1 1 1 1 1 1 1 1 1 1 1 1 1 1 1 1 1 1 1 1 1 1 1 1 1 1 1 1 1 1 1 1 1 1 1 1 1 1 1 0.42485792 0.33399516 0.52805927 0.79773903 1 1 0.95063842 0.86663557 0.78263271 0.69936668 0.7134294 0.63995636 0.65746973 0.58983239 0.55842442 0.52701645 0.49560848 0.46420051 0.43279253 0.40138456 0.44401093 0 0 0 0 0 0 0 0.0075438563 0.13649992 0.26545599 0.39441205 0.4779958 0.5000645 0.57124453 0.64242456 0.71360459
