qgis/Bruessel,Melanie2015-03-15/shapefiles/interpolation.asc
NCOLS 300
NROWS 300
XLLCORNER -8.6475
YLLCORNER 49.8896
DX 0.0347
DY 0.03652
NODATA_VALUE -9999
[rows 38 to 75 of 300, columns 86 to 171 of 300]
-9999 -9999 -9999 -9999 -9999 -9999 -9999 -9999 -9999 -9999 -9999 -9999 -9999 -9999 -9999 -9999 -9999 -9999 -9999 -9999 -9999 0 0 0 0 0 0 0 0 0 0 0 0 0 0 0 0 0 0 0 0 0 0 0 0 0 0 0 0 0 0 0 0 0 0 0 0 0 0 0 0 0 0 0 0 0 0 0 0 0 0 0 0 0 0 0 0 0 0 0 0 0 0 0 0 0
-9999 -9999 -9999 -9999 -9999 -9999 -9999 -9999 -9999 -9999 -9999 -9999 -9999 -9999 -9999 -9999 -9999 -9999 0 0 0 0 0 0 0 0 0 0 0 0 0 0 0 0 0 0 0 0 0 0 0 0 0 0 0 0 0 0 0 0 0 0 0 0 0 0 0 0 0 0 0 0 0 0 0 0 0 0 0 0 0 0 0 0 0 0 0 0 0 0 0 0 0 0 0 0
-9999 -9999 -9999 -9999 -9999 -9999 -9999 -9999 -9999 -9999 -9999 -9999 -9999 -9999 -9999 0 0 0 0 0 0 0 0 0 0 0 0 0 0 0 0 0 0 0 0 0 0 0 0 0 0 0 0 0 0 0 0 0 0 0 0 0 0 0 0 0 0 0 0 0 0 0 0 0 0 0 0 0 0 0 0 0 0 0 0 0 0 0 0 0 0 0 0 0 0 0
-9999 -9999 -9999 -9999 -9999 -9999 -9999 -9999 -9999 -9999 -9999 -9999 0 0 0 0 0 0 0 0 0 0 0 0 0 0 0 0 0 0 0 0 0 0 0 0 0 0 0 0 0 0 0 0 0 0 0 0 0 0 0 0 0 0 0 0 0 0 0 0 0 0 0 0 0 0 0 0 0 0 0 0 0 0 0 0 0 0 0 0 0 0 0 0 0 0
-9999 -9999 -9999 -9999 -9999 -9999 -9999 -9999 0 0 0 0 0 0 0 0 0 0 0 0 0 0 0 0 0 0 0 0 0 0 0 0 0 0 0 0 0 0 0 0 0 0 0 0 0 0 0 0 0 0 0 0 0 0 0 0 0 0 0 0 0 0 0 0 0 0 0 0 0 0 0 0 0 0 0 0 0 0 0 0 0 0 0 0 0 0
-9999 -9999 -9999 -9999 -9999 0 0 0 0 0 0 0 0 0 0 0 0 0 0 0 0 0 0 0 0 0 0 0 0 0 0 0 0 0 0 0 0 0 0 0 0 0 0 0 0 0 0 0 0 0 0 0 0 0 0 0 0 0 0 0 0 0 0 0 0 0 0 0 0 0 0 0 0 0 0 0 0 0 0 0 0 0 0 0 0 0
-9999 -9999 0 0 0 0 0 0 0 0 0 0 0 0 0 0 0 0 0 0 0 0 0 0 0 0 0 0 0 0 0 0 0 0 0 0 0 0 0 0 0 0 0 0 0 0 0 0 0 0 0 0 0 0 0 0 0 0 0 0 0 0 0 0 0 0 0 0 0 0 0 0 0 0 0 0 0 0 0 0 0 0 0 0 0 0
0 0 0 0 0 0 0 0 0 0 0 0 0 0 0 0 0 0 0 0 0 0 0 0 0 0 0 0 0 0 0 0 0 0 0 0 0 0 0 0 0 0 0 0 0 0 0 0 0 0 0 0 0 0 0 0 0 0 0 0 0 0 0 0 0 0 0 0 0 0 0 0 0 0 0 0 0 0 0 0 0 0 0 0 0 0
0 0 0 0 0 0 0 0 0 0 0 0 0 0 0 0 0 0 0 0 0 0 0 0 0 0 0 0 0 0 0 0 0 0 0 0 0 0 0 0 0 0 0 0 0 0 0 0 0 0 0 0 0 0 0 0 0 0 0 0 0 0 0 0 0 0 0 0 0 0 0 0 0 0 0 0 0 0 0 0 0 0 0 0 0 0
0.17692128 0.1738069 0.17069251 0.16757813 0.16446375 0.16134937 0.15823498 0.1551206 0.15200622 0.14889183 0.14577745 0.14266307 0.13954869 0.1364343 0.13331992 0.13020554 0.12709116 0.12397677 0.12086239 0.11774801 0.11463362 0.11151924 0.10840486 0.10529048 0.10217609 0.099061711 0.095947328 0.092832945 0.089718563 0.08660418 0.083489797 0.080375414 0.077261032 0.074146649 0.071032266 0.067917883 0.064803501 0.061689118 0.058574735 0.055460352 0.05234597 0.049231587 0.046117204 0.043002821 0.039888438 0.036774056 0.033659673 0.03054529 0.027430907 0.024316525 0.021202142 0.018087759 0.014973376 0.011858994 0.0087446109 0.0056302282 0.0025158454 0 0 0 0 0 0 0 0 0 0 0 0 0 0 0 0 0 0 0 0 0 0 0 0 0 0 0 0 0
0.45686018 0.45374579 0.45063141 0.44751703 0.44440265 0.44128826 0.43817388 0.4350595 0.43194511 0.42883073 0.42571635 0.42260197 0.41948758 0.4163732 0.41325882 0.41014444 0.40703005 0.40391567 0.40080129 0.3976869 0.39457252 0.39145814 0.38834376 0.38522937 0.38211499 0.37900061 0.37588623 0.37277184 0.36965746 0.36654308 0.36342869 0.36031431 0.35719993 0.35408555 0.35097116 0.34785678 0.3447424 0.34162801 0.33851363 0.33539925 0.33228487 0.32917048 0.3260561 0.32294172 0.31982734 0.31671295 0.31359857 0.31048419 0.3073698 0.30425542 0.30114104 0.29802666 0.29491227 0.29179789 0.28868351 0.28556913 0.28245474 0.27934036 0.27622598 0.27311159 0.26999721 0.26688283 0.26376845 0.26065406 0.19606365 0.077095507 0 0 0 0 0 0 0 0 0 0 0 0 0 0 0 0 0 0 0 0
0.75818498 0.73368469 0.73057031 0.72745593 0.72434154 0.72122716 0.71811278 0.71499839 0.71188401 0.70876963 0.70565525 0.70254086 0.69942648 0.6963121 0.69319772 0.69008333 0.68696895 0.68385457 0.68074018 0.6776258 0.67451142 0.67139704 0.66828265 0.66516827 0.66205389 0.6589395 0.65582512 0.65271074 0.64959636 0.64648197 0.64336759 0.64025321 0.63713883 0.63402444 0.63091006 0.62779568 0.62468129 0.62156691 0.61845253 0.61533815 0.61222376 0.60910938 0.605995 0.60288062 0.59976623 0.59665185 0.59353747 0.59042308 0.5873087 0.58419432 0.58107994 0.57796555 0.57485117 0.57173679 0.5686224 0.56550802 0.56239364 0.55927926 0.55616487 0.55305049 0.54993611 0.50877712 0.38980897 0.27084083 0.15187268 0.032904531 0 0 0 0 0 0 0 0 0 0 0 0 0 0 0 0 0 0 0 0
0.85907193 1.0468278 1.0367478 1.0073948 1.0042804 1.0011661 0.99805167 0.99493729 0.99182291 0.98870853 0.98559414 0.98247976 0.97936538 0.976251 0.97313661 0.97002223 0.96690785 0.96379346 0.96067908 0.9575647 0.95445032 0.95133593 0.94822155 0.94510717 0.94199278 0.9388784 0.93576402 0.93264964 0.92953525 0.92642087 0.92330649 0.92019211 0.91707772 0.91396334 0.91084896 0.90773457 0.90462019 0.90150581 0.89839143 0.89527704 0.89216266 0.88904828 0.8859339 0.88281951 0.87970513 0.87659075 0.87347636 0.87036198 0.8672476 0.86413322 0.86101883 0.85790445 0.85479007 0.85167568 0.8485613 0.84544692 0.84233254 0.83921815 0.80514449 0.70252244 0.58355429 0.46458614 0.345618 0.22664985 0.1076817 0 0 0 0 0 0 0 0 0 0 0 0 0 0 0 0 0 0 0 0 0
0.96761737 1.0874904 1.2332128 1.3463816 1.314172 1.281105 1.2779906 1.2748762 1.2717618 1.2686474 1.265533 1.2624187 1.2593043 1.2561899 1.2530755 1.2499611 1.2468467 1.2437324 1.240618 1.2375036 1.2343892 1.2312748 1.2281604 1.2250461 1.2219317 1.2188173 1.2157029 1.2125885 1.2094742 1.2063598 1.2032454 1.200131 1.1970166 1.1939022 1.1907879 1.1876735 1.1845591 1.1814447 1.1783303 1.1752159 1.1721016 1.1689872 1.1658728 1.1627584 1.159644 1.1565296 1.1534153 1.1503009 1.1471865 1.1440721 1.1409577 1.1378433 1.134729 1.1316146 1.1285002 1.0975908 1.0152359 0.89626776 0.77729961 0.65833146 0.53936332 0.42039517 0.30142702 0.18245887 0.063490726 0 0 0 0 0 0 0 0 0 0 0 0 0 0 0 0 0 0 0 0 0
1.050574 1.1730954 1.3144963 1.3928727 1.5635085 1.6254617 1.5915962 1.5548151 1.5517007 1.5485863 1.5454719 1.5423576 1.5392432 1.5361288 1.5330144 1.5299 1.5267856 1.5236713 1.5205569 1.5174425 1.5143281 1.5112137 1.5080993 1.504985 1.5018706 1.4987562 1.4956418 1.4925274 1.489413 1.4862987 1.4831843 1.4800699 1.4769555 1.4738411 1.4707268 1.4676124 1.464498 1.4613836 1.4582692 1.4551548 1.4520405 1.4489261 1.4458117 1.4426973 1.4395829 1.4364685 1.4333542 1.4302398 1.4271254 1.424011 1.4208966 1.4177822 1.3900372 1.3279494 1.2089812 1.0900131 0.97104493 0.85207678 0.73310863 0.61414049 0.49517234 0.37620419 0.25723604 0.1382679 0.01929975 0 0 0 0 0 0 0 0 0 0 0 0 0 0 0 0 0 0 0 0 0
1.1794734 1.2572911 1.3466525 1.5400942 1.6212911 1.7534268 1.9007555 1.9045418 1.8690204 1.8285252 1.8254108 1.8222965 1.8191821 1.8160677 1.8129533 1.8098389 1.8067245 1.8036102 1.8004958 1.7973814 1.794267 1.7911526 1.7880382 1.7849239 1.7818095 1.7786951 1.7755807 1.7724663 1.7693519 1.7662376 1.7631232 1.7600088 1.7568944 1.75378 1.7506656 1.7475513 1.7444369 1.7413225 1.7382081 1.7350937 1.7319794 1.728865 1.7257506 1.7226362 1.7195218 1.7164074 1.7132931 1.7101787 1.7070643 1.6824835 1.6230271 1.5216947 1.4027265 1.2837584 1.1647902 1.0458221 0.92685395 0.80788581 0.68891766 0.56994951 0.45098136 0.33201322 0.21304507 0.094076921 0 0 0 0 0 0 0 0 0 0 0 0 0 0 0 0 0 0 0 0 0 0
1.2891676 1.3922945 1.4640081 1.5202095 1.7311051 1.8497096 1.9266734 2.0737756 2.2136584 2.1836218 2.1464446 2.1022353 2.099121 2.0960066 2.0928922 2.0897778 2.0866634 2.0835491 2.0804347 2.0773203 2.0742059 2.0710915 2.0679771 2.0648628 2.0617484 2.058634 2.0555196 2.0524052 2.0492908 2.0461765 2.0430621 2.0399477 2.0368333 2.0337189 2.0306045 2.0274902 2.0243758 2.0212614 2.018147 2.0150326 2.0119182 2.0088039 2.0056895 2.0025751 1.9994607 1.9963463 1.9749299 1.9154734 1.8344082 1.71544 1.5964719 1.4775037 1.3585356 1.2395674 1.1205993 1.0016311 0.88266298 0.76369483 0.64472668 0.52575853 0.40679039 0.29228038 0.23074802 0.19255146 0.062118306 0 0 0 0 0 0 0 0 0 0 0 0 0 0 0 0 0 0 0 0 0
1.3988617 1.5019887 1.6051156 1.6707251 1.6937665 1.8806919 2.078128 2.1550918 2.2736409 2.42587 2.4927384 2.4627019 2.4238688 2.3759455 2.3728311 2.3697167 2.3666023 2.3634879 2.3603736 2.3572592 2.3541448 2.3510304 2.347916 2.3448017 2.3416873 2.3385729 2.3354585 2.3323441 2.3292297 2.3261154 2.323001 2.3198866 2.3167722 2.3136578 2.3105434 2.3074291 2.3043147 2.3012003 2.2980859 2.2949715 2.2918571 2.2887428 2.2856284 2.2673762 2.2079198 2.1471216 2.0281535 1.9091853 1.7902172 1.671249 1.5522809 1.4333127 1.3143446 1.1953764 1.0764083 0.95744015 0.838472 0.72860966 0.73831957 0.70125572 0.67265758 0.65957266 0.52913951 0.39870635 0.26827319 0.13784004 0.0074068807 0 0 0 0 0 0 0 0 0 0 0 0 0 0 0 0 0 0 0
1.5691073 1.6116829 1.7148098 1.8179367 1.8774421 1.9584958 2.1776543 2.2968991 2.3835103 2.4604741 2.6020154 2.7546831 2.7718185 2.741782 2.701293 2.6496556 2.6465412 2.6434268 2.6403125 2.6371981 2.6340837 2.6309693 2.6278549 2.6247405 2.6216262 2.6185118 2.6153974 2.612283 2.6091686 2.6060543 2.6029399 2.5998255 2.5967111 2.5935967 2.5904823 2.587368 2.5842536 2.5811392 2.5780248 2.5749104 2.5598226 2.5003661 2.4409097 2.3408669 2.2218988 2.1029306 1.9839625 1.8649944 1.7460262 1.6270581 1.5080899 1.3891218 1.2701536 1.1691442 1.2415551 1.1782123 1.1758142 1.1454321 1.2631736 1.1265939 0.99616071 0.86572755 0.73529439 0.60486124 0.47442808 0.34399492 0.22371062 0.085273969 0 0 0 0 0 0 0 0 0 0 0 0 0 0 0 0 0 0
1.658295 1.6846214 1.824504 1.9276309 1.8396078 2.0841592 2.1637156 2.3860955 2.527526 2.6119287 2.6888926 2.7938549 2.9346036 3.0770156 3.0508986 3.020862 2.9787172 2.9270109 2.9202514 2.917137 2.9140226 2.9109082 2.9077938 2.9046794 2.9015651 2.8984507 2.8953363 2.8922219 2.8891075 2.8859932 2.8828788 2.8797644 2.87665 2.8735356 2.8704212 2.8673069 2.8641925 2.8522689 2.7928125 2.733356 2.6535804 2.5346123 2.4156441 2.296676 2.1777078 2.0587397 1.9397715 1.8208034 1.7062533 1.6109836 1.7447906 1.6883756 1.6034372 1.6478504 1.6162963 1.5818421 1.7762341 1.5936151 1.4631819 1.3327488 1.2023156 1.0718824 0.94144928 0.85060639 0.71216973 0.6162018 0.73904275 0.70585936 0.73619773 1.001103 0.79828514 0.59546729 0.39264944 0.18983159 0 0 0 0 0 0 0 0 0 0 0 0
1.7319951 1.9066692 1.9341982 2.0373251 2.140452 2.0377023 2.2908762 2.3689355 2.5736271 2.738276 2.8403472 2.917311 2.9942749 3.1302552 3.2862783 3.3600151 3.3299786 3.2999421 3.2561414 3.2044351 3.1939615 3.1908471 3.1877327 3.1846183 3.181504 3.1783896 3.1752752 3.1721608 3.1690464 3.165932 3.1628177 3.1597033 3.1565889 3.1534745 3.1447153 3.0852588 3.0258024 2.9662939 2.8473257 2.7283576 2.6093894 2.4904213 2.3714531 2.252485 2.1453878 2.2215925 2.2480261 2.1985389 2.1256765 2.0927711 2.1198865 2.0871604 2.0536548 2.1369478 2.1724445 2.0606363 1.9302031 1.79977 1.6693368 1.5960492 1.4775022 1.2086296 1.2866846 1.332817 1.5991397 1.6382847 1.7938223 2.5525186 2.3497007 2.1468829 1.944065 1.2198643 0.98506343 2.2074827 2.9072257 1.2968656 1.0321099 1.1396059 0.60041415 0 0 0 0 0 0 0
1.8056952 1.9935616 1.8411235 2.1470193 2.2501462 2.3532732 2.3175617 2.4975932 2.5741553 2.7839073 2.8878628 3.0546535 3.1457295 3.2226933 3.3140689 3.4433372 3.6086108 3.6390952 3.6090587 3.5790222 3.5335656 3.4818593 3.4676716 3.4645572 3.4614429 3.4583285 3.4552141 3.4520997 3.4489853 3.4458709 3.4427566 3.4371616 3.3777052 3.3182487 3.2587923 3.1600392 3.041071 2.9221029 2.8031347 2.6841666 2.5872272 2.7615374 2.7512617 2.7087021 2.6358398 2.5536569 2.5729409 2.5915301 2.5580245 2.5245189 2.4895378 2.7485581 2.6580906 2.5276575 2.3972243 2.2667912 2.2428346 2.0998962 2.0718921 1.9506511 2.0161633 2.49242 2.5557226 2.6387178 2.921133 3.7353896 3.446244 3.3649609 2.2111398 2.4302484 2.2136441 3.1579657 2.8969235 3.4233839 2.5487464 2.7611095 2.8627981 1.8253514 0.71442508 0 0 0 0 0 0 0
1.8793954 2.0672617 2.244231 2.2567135 2.3598404 2.4629673 2.5660943 2.6476909 2.7043102 2.7793752 3.0122594 3.0374495 3.2881581 3.3741479 3.4511117 3.5280756 3.6527153 3.7969652 3.9309432 3.9181753 3.8881388 3.8581022 3.8109898 3.7592835 3.7413818 3.7382674 3.735153 3.7320386 3.7289242 3.6701515 3.6106951 3.5512386 3.4727527 3.3537845 3.2348164 3.1216313 3.0290665 3.2659141 3.2544972 3.2143129 3.1460031 3.0731408 2.9989248 3.0531106 3.0623942 3.0288886 2.995383 2.9618775 3.1178568 3.3469671 3.1251118 2.9946787 2.7558717 2.8697303 2.6599384 2.781423 2.6146177 2.7066973 2.7822504 3.3936498 3.5414794 3.6942023 4 4 3.9202484 4 3.5666401 4 4 3.039684 4 4 4 4 4 4 3.0502887 1.9393624 0.82843601 0 0 0 0 0 0 0
1.9530955 2.1409619 2.3288282 2.148607 2.4695346 2.5726615 2.6757885 2.7789154 2.8506898 2.9110273 2.984595 3.1858164 3.3758725 3.5149578 3.6025664 3.6795302 3.756494 3.8342829 3.9592484 4 4 4 4 4 4 4 3.9625979 3.9031414 3.843685 3.7842285 3.666498 3.5634707 3.4709059 3.7702907 3.7577327 3.7175485 3.6561664 3.5833041 3.5038766 3.4842865 3.5332804 3.5332583 3.4997527 3.4662472 3.4327416 3.3972334 3.6223322 3.7606976 3.592133 3.553986 3.1620405 3.5192179 3.4594398 3.3495344 3.3630757 3.5053797 3.9409322 4 4 4 4 4 4 4 4 4 3.9151396 4 4 4 4 4 4 4 4 3.9974722 3.1642997 2.0533733 0.94244694 0 0 0 0 0 0 0
2.0267957 2.214662 2.4025283 2.5817929 2.5792288 2.6823557 2.7854826 2.8886096 2.9917365 3.0536887 3.1177443 3.1898149 3.3593735 3.5895162 3.7371023 3.8231974 3.9079486 3.9849125 4 4 4 4 4 4 4 4 4 4 3.9697352 4 4 4 4 4 4 3.9254276 3.9644562 4 4 3.9706168 3.9371113 3.9036057 3.8700494 4 4 4 3.9403087 4 4 4 4 4 4 4 4 4 4 4 4 4 4 4 4 4 4 4 4 4 4 4 4 4 4 4 4 3.871578 3.2783106 2.1673842 1.0564579 0 0 0 0 0 0 0
2.1004958 2.2883622 2.4762285 2.6640948 2.7721497 2.7920499 2.8951768 2.9983037 3.1014307 3.2045576 3.2566876 3.3244613 3.3950347 3.5329305 3.8031599 3.8950336 4 4 4 4 4 4 4 4 4 4 4 4 4 4 4 4 4 4 4 4 4 4 4 4 4 4 4 4 4 4 4 4 4 4 4 4 4 4 4 4 4 4 4 4 4 4 4 4 4 4 4 4 4 4 4 4 4 4 4 3.7449276 3.3923215 2.2813952 1.1704688 0.059542442 0 0 0 0 0 0
2.174196 2.3620623 2.5499286 2.737795 2.9193547 2.8735716 3.004871 3.1079979 3.2111249 3.3142518 3.3758871 3.4596865 3.5311783 3.6002545 3.7064875 3.9738481 4 4 4 4 4 4 4 4 4 4 4 4 4 4 4 4 4 4 4 4 4 4 4 4 4 4 4 4 4 4 4 4 4 4 4 4 4 4 4 4 4 4 4 4 4 4 4 4 4 4 4 4 4 4 4 4 4 4 4 3.623609 3.4802127 2.3954061 1.2844797 0.17355337 0 0 0 0 0 0
2.2478961 2.4357624 2.6236288 2.8114951 2.9993614 3.1179271 3.1145652 3.2176921 3.320819 3.423946 3.5270729 3.4983011 3.6657746 3.7381841 3.8054744 3.8800445 4 4 4 4 4 4 4 4 4 4 4 4 4 4 4 4 4 4 4 4 4 4 4 4 4 4 4 4 4 4 4 4 4 4 4 4 4 4 4 4 4 4 4 4 4 4 4 4 4 4 4 4 4 4 4 4 4 3.7890051 4 3.8938465 3.35591 2.509417 1.3984907 0.2875643 0 0 0 0 0 0
2.3215963 2.5094626 2.6973289 2.8851952 3.0730616 3.2569166 2.9386854 3.3273863 3.4305132 3.5336402 3.6367671 3.739894 3.4774227 3.8724916 3.945273 4 4 4 4 4 4 4 4 4 4 4 4 4 4 4 4 4 4 4 4 4 4 4 4 4 4 4 4 4 4 4 4 4 4 4 4 4 4 4 4 4 4 4 4 4 4 4 4 4 4 4 4 4 4 4 4 4 4 4 3.9480714 3.8414946 3.2296003 2.623428 1.5125016 0.40157524 0 0 0 0 0 0
2.3952964 2.5831627 2.7710291 2.9588954 3.1467617 3.3346281 3.4554889 3.4370805 3.5402074 3.6433343 3.7464613 3.8495882 3.9527152 3.6983159 4 4 4 4 4 4 4 4 4 4 4 4 4 4 4 4 4 4 4 4 4 4 4 4 4 4 4 4 4 4 4 4 4 4 4 4 4 4 4 4 4 4 4 4 4 4 4 4 4 4 4 4 4 4 4 4 4 4 4 4 3.7825358 3.6867693 3.1051138 2.7374389 1.6265125 0.51558617 0 0 0 0 0 0
2.4689965 2.6568629 2.8447292 3.0325955 3.2204619 3.4083282 3.5944784 3.2281149 3.6499016 3.7530285 3.8561555 3.9592824 4 4 4 4 4 4 4 4 4 4 4 4 4 4 4 4 4 4 4 4 4 4 4 4 4 4 4 4 4 4 4 4 4 4 4 4 4 4 4 4 4 4 4 4 4 4 4 4 4 4 4 4 4 4 4 4 4 4 4 4 3.9590186 3.8714367 3.7043117 3.482397 3.2115508 2.8386505 1.7405235 0.6295971 0 0 0 0 0 0
2.5426967 2.730563 2.9184294 3.1062957 3.294162 3.4820283 3.6698947 3.7930508 3.7595958 3.8627227 3.9658496 4 4 4 4 4 4 4 4 4 4 4 4 4 4 4 4 4 4 4 4 4 4 4 4 4 4 4 4 4 4 4 4 4 4 4 4 4 4 4 4 4 4 4 4 4 4 4 4 4 4 4 4 4 4 4 4 4 4 4 3.9952208 3.8981147 3.7944237 3.6965429 3.605131 3.3801298 3.2551062 2.714273 1.8545344 0.74360803 0 0 0 0 0 0
2.6163968 2.8042632 2.9921295 3.1799958 3.3678622 3.5557285 3.7435948 3.9314611 3.4990709 3.9724169 4 4 4 4 4 4 4 4 4 4 4 4 4 4 4 4 4 4 4 4 4 4 4 4 4 4 4 4 4 4 4 4 4 4 4 4 4 4 4 4 4 4 4 4 4 4 4 4 4 4 4 4 4 4 4 4 3.9493972 3.8884258 3.8280231 3.7971311 3.7686156 3.6816223 3.6134947 3.519358 3.4310454 2.9033695 3.1010312 2.5876226 1.9685453 0.85761896 0 0 0 0 0 0
2.6936565 2.8822667 3.0708768 3.259487 3.4480972 3.6367073 3.8253175 4 4 4 4 4 4 4 4 4 4 4 4 4 4 4 4 4 4 4 4 4 4 4 4 4 4 4 4 4 4 4 4 4 4 4 4 4 4 4 4 4 4 4 4 4 4 4 4 4 4 4 4 4 4 4 4 4 4 3.7297248 3.6880806 3.6354404 3.5630401 3.5279712 3.5280608 3.453382 3.4290147 3.3510307 3.2549915 3.1397491 2.9144554 2.498166 2.0825563 0.97162989 0 0 0 0 0 0
2.7548598 2.9434699 3.1320801 3.3206903 3.5093004 3.6979106 3.8865208 4 4 3.9266574 4 4 4 4 4 4 4 4 4 4 4 4 4 4 4 4 4 4 4 4 4 4 4 4 4 4 4 4 4 4 4 4 4 4 4 4 4 4 4 4 4 4 4 4 4 4 4 4 4 4 4 4 4 4 3.5545057 3.4700413 3.4218572 3.3789664 3.3278314 3.2588113 3.2871061 3.2213395 3.2212605 3.1781199 3.0796974 2.9906801 2.8216773 2.6227175 2.1965672 1.0856408 0 0 0 0 0 0
2.8160631 3.0046732 3.1932834 3.3818936 3.5705037 3.7591139 3.9477241 4 4 4 4 4 4 4 4 4 4 4 4 4 4 4 4 4 4 4 4 4 4 4 4 4 4 4 4 4 4 4 4 4 4 4 4 4 4 4 4 4 4 4 4 4 4 4 4 4 4 4 4 4 4 4 4 4 3.2503689 3.1997188 3.1702907 3.0737839 3.0535214 2.9994383 3.0461514 2.9892969 3.00656 2.9589927 2.9076377 2.8134402 2.6921847 2.5152931 2.0722953 1.1996518 0.088725393 0 0 0 0 0
2.8701791 3.077453 3.2576744 3.4430969 3.631707 3.8203172 4 4 4 4 4 4 4 4 4 4 4 4 4 4 4 4 4 4 4 4 4 4 4 4 4 4 4 4 4 4 4 4 4 4 4 4 4 4 4 4 4 4 4 4 4 4 4 4 4 4 4 4 4 4 4 4 4 3.0598272 2.9906855 2.9552885 2.9350171 2.8254658 2.7857898 2.7504356 2.8051967 2.7572543 2.7796461 2.7524801 2.7291189 2.6400367 2.5503149 2.3465137 1.9472516 1.3136627 0.20273632 0 0 0 0 0
2.9645546 3.1078967 3.2236736 3.3900959 3.6866734 3.898439 4 4 4 4 4 4 4 4 4 4 4 4 4 4 4 4 4 4 4 4 4 4 4 4 4 4 4 4 4 4 4 4 4 4 4 4 4 4 4 4 4 4 4 4 4 4 4 4 4 4 4 4 4 4 4 4 3.8251836 2.7710131 2.7221929 2.705141 2.6582954 2.5724554 2.5166299 2.5058992 2.564242 2.5252118 2.5527322 2.5432348 2.4889708 2.4642448 2.3718888 2.0523332 2.0404755 1.4276736 0.31674726 0 0 0 0 0
